# r C2m=1 C2m=2 C2m=3 C2m=4 C2m=5 C2m=6 C2m=7
0.001000 0.003296 0.000011 0.000000 0.000000 0.000000 0.000000 0.000000
0.001072 0.003509 0.000012 0.000000 0.000000 0.000000 0.000000 0.000000
0.001150 0.003765 0.000014 0.000000 0.000000 0.000000 0.000000 0.000000
0.001233 0.004020 0.000016 0.000000 0.000000 0.000000 0.000000 0.000000
0.001322 0.004317 0.000019 0.000000 0.000000 0.000000 0.000000 0.000000
0.001417 0.004658 0.000022 0.000000 0.000000 0.000000 0.000000 0.000000
0.001520 0.004998 0.000025 0.000000 0.000000 0.000000 0.000000 0.000000
0.001630 0.005337 0.000028 0.000000 0.000000 0.000000 0.000000 0.000000
0.001748 0.005719 0.000033 0.000000 0.000000 0.000000 0.000000 0.000000
0.001874 0.006145 0.000038 0.000000 0.000000 0.000000 0.000000 0.000000
0.002009 0.006569 0.000043 0.000000 0.000000 0.000000 0.000000 0.000000
0.002154 0.007038 0.000050 0.000001 0.000000 0.000000 0.000000 0.000000
0.002310 0.007548 0.000057 0.000001 0.000000 0.000000 0.000000 0.000000
0.002477 0.008101 0.000065 0.000001 0.000000 0.000000 0.000000 0.000000
0.002656 0.008697 0.000075 0.000001 0.000000 0.000000 0.000000 0.000000
0.002848 0.009336 0.000087 0.000001 0.000000 0.000000 0.000000 0.000000
0.003054 0.010016 0.000100 0.000002 0.000000 0.000000 0.000000 0.000000
0.003275 0.010738 0.000115 0.000002 0.000000 0.000000 0.000000 0.000000
0.003511 0.011503 0.000132 0.000002 0.000000 0.000000 0.000000 0.000000
0.003765 0.012355 0.000152 0.000003 0.000000 0.000000 0.000000 0.000000
0.004037 0.013207 0.000174 0.000004 0.000000 0.000000 0.000000 0.000000
0.004329 0.014185 0.000201 0.000005 0.000000 0.000000 0.000000 0.000000
0.004642 0.015208 0.000231 0.000006 0.000000 0.000000 0.000000 0.000000
0.004977 0.016315 0.000266 0.000007 0.000000 0.000000 0.000000 0.000000
0.005337 0.017505 0.000306 0.000009 0.000000 0.000000 0.000000 0.000000
0.005722 0.018741 0.000351 0.000011 0.000000 0.000000 0.000000 0.000000
0.006136 0.020101 0.000404 0.000013 0.000000 0.000000 0.000000 0.000000
0.006579 0.021546 0.000464 0.000016 0.000001 0.000000 0.000000 0.000000
0.007055 0.023120 0.000534 0.000020 0.000001 0.000000 0.000000 0.000000
0.007565 0.024778 0.000613 0.000025 0.000001 0.000000 0.000000 0.000000
0.008111 0.026562 0.000705 0.000030 0.000001 0.000000 0.000000 0.000000
0.008697 0.028522 0.000813 0.000038 0.000002 0.000000 0.000000 0.000000
0.009326 0.030561 0.000933 0.000047 0.000003 0.000000 0.000000 0.000000
0.010000 0.032771 0.001073 0.000058 0.000003 0.000000 0.000000 0.000000
0.010723 0.035150 0.001234 0.000071 0.000004 0.000000 0.000000 0.000000
0.011498 0.037657 0.001416 0.000087 0.000006 0.000000 0.000000 0.000000
0.012328 0.040375 0.001628 0.000107 0.000007 0.000001 0.000000 0.000000
0.013219 0.043309 0.001872 0.000132 0.000010 0.000001 0.000000 0.000000
0.014175 0.046410 0.002150 0.000162 0.000013 0.000001 0.000000 0.000000
0.015199 0.049763 0.002472 0.000200 0.000017 0.000002 0.000000 0.000000
0.016298 0.053373 0.002844 0.000247 0.000023 0.000002 0.000000 0.000000
0.017475 0.057238 0.003271 0.000304 0.000030 0.000003 0.000000 0.000000
0.018738 0.061354 0.003760 0.000375 0.000039 0.000005 0.000001 0.000000
0.020092 0.065766 0.004319 0.000462 0.000052 0.000007 0.000001 0.000000
0.021544 0.070516 0.004965 0.000569 0.000069 0.000009 0.000001 0.000000
0.023101 0.075602 0.005706 0.000700 0.000090 0.000013 0.000002 0.000000
0.024771 0.081065 0.006561 0.000863 0.000119 0.000019 0.000003 0.000000
0.026561 0.086903 0.007541 0.001063 0.000158 0.000027 0.000004 0.000001
0.028480 0.093117 0.008656 0.001306 0.000207 0.000037 0.000007 0.000001
0.030539 0.099832 0.009946 0.001606 0.000272 0.000052 0.000010 0.000002
0.032745 0.106997 0.011422 0.001974 0.000359 0.000074 0.000015 0.000003
0.035112 0.114665 0.013117 0.002425 0.000471 0.000104 0.000023 0.000005
0.037649 0.122910 0.015068 0.002981 0.000620 0.000146 0.000035 0.000008
0.040370 0.131686 0.017291 0.003656 0.000813 0.000205 0.000052 0.000013
0.043288 0.141110 0.019847 0.004487 0.001066 0.000287 0.000078 0.000021
0.046416 0.151186 0.022776 0.005504 0.001397 0.000402 0.000116 0.000034
0.049770 0.161994 0.026141 0.006749 0.001829 0.000561 0.000173 0.000054
0.053367 0.173510 0.029976 0.008261 0.002388 0.000781 0.000256 0.000086
0.057224 0.185814 0.034363 0.010106 0.003115 0.001085 0.000380 0.000135
0.061359 0.198934 0.039372 0.012347 0.004055 0.001504 0.000560 0.000212
0.065793 0.212980 0.045096 0.015068 0.005270 0.002080 0.000824 0.000333
0.070548 0.227940 0.051616 0.018356 0.006826 0.002862 0.001205 0.000517
0.075646 0.243901 0.059057 0.022336 0.008826 0.003930 0.001756 0.000802
0.081113 0.260877 0.067506 0.027114 0.011366 0.005364 0.002542 0.001230
0.086975 0.278958 0.077119 0.032851 0.014587 0.007285 0.003654 0.001870
0.093260 0.298158 0.088012 0.039712 0.018653 0.009843 0.005217 0.002824
0.100000 0.318531 0.100342 0.047880 0.023750 0.013219 0.007390 0.004219
0.107227 0.340136 0.114283 0.057571 0.030102 0.017632 0.010374 0.006231
0.114976 0.362990 0.129993 0.068999 0.037945 0.023335 0.014414 0.009091
0.123285 0.387107 0.147641 0.082402 0.047561 0.030629 0.019814 0.013086
0.132194 0.412511 0.167432 0.098047 0.059260 0.039865 0.026938 0.018585
0.141747 0.439227 0.189554 0.116189 0.073359 0.051410 0.036190 0.026007
0.151991 0.467219 0.214195 0.137089 0.090176 0.065634 0.047989 0.035815
0.162975 0.496468 0.241550 0.161014 0.110055 0.082947 0.062803 0.048531
0.174753 0.526951 0.271824 0.188227 0.133326 0.103737 0.081087 0.064676
0.187382 0.558502 0.305085 0.218879 0.160240 0.128306 0.103207 0.084688
0.200923 0.591118 0.341571 0.253265 0.191143 0.157047 0.129614 0.109082
0.215444 0.624567 0.381255 0.291448 0.226201 0.190151 0.160546 0.138144
0.231013 0.658721 0.424224 0.333603 0.265668 0.227876 0.196280 0.172174
0.247708 0.693303 0.470330 0.379718 0.309677 0.270390 0.237008 0.211371
0.265609 0.728046 0.519382 0.429765 0.358349 0.317833 0.282895 0.255898
0.284804 0.762592 0.570953 0.483506 0.411665 0.370247 0.334016 0.305823
0.305386 0.796559 0.624462 0.540586 0.469555 0.427685 0.390522 0.361339
0.327455 0.829451 0.678970 0.600263 0.531574 0.489898 0.452335 0.422474
0.351119 0.860739 0.733268 0.661433 0.596888 0.556290 0.519089 0.489052
0.376494 0.889844 0.785877 0.722573 0.664108 0.625740 0.589960 0.560521
0.403702 0.916153 0.835073 0.781660 0.731099 0.696288 0.663229 0.635422
0.432876 0.939111 0.879164 0.836443 0.795151 0.765201 0.736254 0.711305
0.464159 0.958257 0.916653 0.884646 0.853203 0.829128 0.805486 0.784572
0.497702 0.973329 0.946548 0.924406 0.902406 0.884615 0.866924 0.850846
0.533670 0.984372 0.968617 0.954720 0.940816 0.928966 0.917080 0.905982
0.572237 0.991762 0.983445 0.975703 0.967930 0.960983 0.953979 0.947271
0.613591 0.996185 0.992335 0.988604 0.984855 0.981368 0.977846 0.974398
0.657933 0.998499 0.996985 0.995480 0.993970 0.992521 0.991056 0.989601
0.705480 0.999520 0.999036 0.998549 0.998061 0.997583 0.997101 0.996617
0.756463 0.999882 0.999763 0.999643 0.999523 0.999404 0.999284 0.999163
0.811131 0.999980 0.999959 0.999939 0.999918 0.999898 0.999878 0.999857
0.869749 0.999998 0.999996 0.999993 0.999991 0.999989 0.999987 0.999985
0.932603 1.000000 1.000000 1.000000 1.000000 1.000000 0.999999 0.999999
1.000000 1.000000 1.000000 1.000000 1.000000 1.000000 1.000000 1.000000
