# r H2m=1 H2m=2 H2m=3 H2m=4 H2m=5 H2m=6 H2m=7 H2m=8 H2m=9 H2m=10
0.001000 5.973317 5.864698 4.519288 4.304065 nan nan nan nan nan nan
0.001072 5.903355 5.794854 4.463351 4.499810 nan nan nan nan nan nan
0.001150 5.833553 5.735697 4.428681 4.663439 nan nan nan nan nan nan
0.001233 5.763533 5.668674 4.309181 4.226834 nan nan nan nan nan nan
0.001322 5.693837 5.602156 4.283972 3.982792 nan nan nan nan nan nan
0.001417 5.623806 5.534627 4.219732 3.673766 nan nan nan nan nan nan
0.001520 5.554174 5.462089 4.168642 3.684704 nan nan nan nan nan nan
0.001630 5.484490 5.391499 4.139933 3.699537 nan nan nan nan nan nan
0.001748 5.414772 5.323503 4.053797 3.789855 nan nan nan nan nan nan
0.001874 5.344940 5.251843 3.991541 3.588138 nan nan nan nan nan nan
0.002009 5.275305 5.182880 3.911616 3.726620 nan nan nan nan nan nan
0.002154 5.205575 5.114664 3.856494 3.712047 nan nan nan nan nan nan
0.002310 5.135837 5.040528 3.814238 3.675034 nan nan nan nan nan nan
0.002477 5.066250 4.970796 3.731681 3.714588 nan nan nan nan nan nan
0.002656 4.996538 4.900861 3.635474 3.517578 3.610918 nan nan nan nan nan
0.002848 4.926708 4.833800 3.575711 3.433329 3.891820 nan nan nan nan nan
0.003054 4.856929 4.762335 3.502547 3.396424 3.449988 nan nan nan nan nan
0.003275 4.787086 4.694065 3.449604 3.348587 3.688879 nan nan nan nan nan
0.003511 4.717381 4.624866 3.387119 3.297274 3.536117 nan nan nan nan nan
0.003765 4.647725 4.555079 3.319124 3.135494 3.212187 nan nan nan nan nan
0.004037 4.577980 4.483634 3.245080 3.076560 3.198673 2.079442 nan nan nan nan
0.004329 4.508375 4.412973 3.165692 2.972211 3.117212 2.484907 nan nan nan nan
0.004642 4.438715 4.344460 3.106513 2.902383 2.978925 2.890372 nan nan nan nan
0.004977 4.368856 4.274464 3.036996 2.845488 2.839728 2.602690 nan nan nan nan
0.005337 4.299095 4.205339 2.962826 2.766004 2.790519 2.944439 nan nan nan nan
0.005722 4.229196 4.135291 2.889413 2.726614 2.789034 2.793208 nan nan nan nan
0.006136 4.159532 4.068441 2.818657 2.661054 2.663225 3.191847 nan nan nan nan
0.006579 4.089853 3.999388 2.747197 2.591476 2.560627 2.881069 nan nan nan nan
0.007055 4.020115 3.929199 2.670982 2.500983 2.416126 2.559015 2.564949 nan nan nan
0.007565 3.950333 3.859225 2.604131 2.424835 2.350575 2.581899 2.890372 nan nan nan
0.008111 3.880502 3.789172 2.537026 2.374740 2.253928 2.188414 2.028148 1.609438 nan nan
0.008697 3.810645 3.718396 2.464163 2.307625 2.212071 2.141135 1.810109 1.504077 nan nan
0.009326 3.740869 3.648189 2.396834 2.253024 2.142409 2.049228 1.722767 1.321756 1.386294 nan
0.010000 3.671054 3.578629 2.328313 2.180781 2.102422 2.029485 1.998096 1.386294 1.386294 nan
0.010723 3.601288 3.509531 2.259294 2.104286 2.047309 1.986369 1.975238 1.386294 1.791759 nan
0.011498 3.531578 3.439763 2.192612 2.039200 1.981177 1.951586 1.999092 1.734601 1.791759 nan
0.012328 3.461775 3.369282 2.125288 1.965115 1.894493 1.923838 1.861135 1.662548 1.299283 1.098612
0.013219 3.392057 3.299850 2.055776 1.899731 1.820002 1.841324 1.777918 1.684339 1.280934 1.609438
0.014175 3.322309 3.229440 1.986587 1.830684 1.744821 1.760811 1.686851 1.603359 1.704748 1.791759
0.015199 3.252627 3.159437 1.918531 1.762899 1.685761 1.693701 1.582611 1.545359 1.757858 1.203973
0.016298 3.182951 3.089838 1.851956 1.698632 1.607162 1.583520 1.500980 1.511600 1.590207 1.435085
0.017475 3.113247 3.020373 1.785259 1.634740 1.544994 1.527477 1.435408 1.469972 1.466337 1.466337
0.018738 3.043632 2.950807 1.717708 1.566712 1.472890 1.456431 1.376534 1.393074 1.366092 1.226446
0.020092 2.974078 2.881684 1.651135 1.501124 1.409823 1.388147 1.298428 1.297369 1.296737 1.225175
0.021544 2.904454 2.812616 1.585610 1.435682 1.347723 1.311402 1.227955 1.229097 1.250001 1.187380
0.023101 2.834878 2.743688 1.521350 1.370737 1.280438 1.248161 1.179929 1.176999 1.191506 1.150838
0.024771 2.765286 2.674731 1.457089 1.305485 1.215931 1.184581 1.132945 1.129263 1.108949 1.111160
0.026561 2.695716 2.605933 1.393812 1.243607 1.154792 1.117722 1.071393 1.069702 1.078129 1.065145
0.028480 2.626193 2.536781 1.330658 1.180852 1.092316 1.056028 1.010855 1.013058 0.990982 0.974580
0.030539 2.556759 2.467910 1.268260 1.118730 1.032771 0.995449 0.953290 0.947303 0.931538 0.927719
0.032745 2.487385 2.399701 1.207524 1.058865 0.972391 0.937345 0.890205 0.881832 0.865524 0.860131
0.035112 2.418068 2.331807 1.148149 1.000305 0.913835 0.879374 0.829725 0.821600 0.799653 0.791886
0.037649 2.348754 2.264287 1.089920 0.943701 0.857300 0.824033 0.775686 0.764603 0.742428 0.735416
0.040370 2.279531 2.196540 1.032948 0.888090 0.802811 0.769546 0.723517 0.712640 0.690113 0.678073
0.043288 2.210396 2.129072 0.977526 0.833739 0.748912 0.716437 0.670908 0.659306 0.638362 0.627302
0.046416 2.141358 2.061969 0.924342 0.782057 0.698245 0.666335 0.620190 0.608422 0.588380 0.576440
0.049770 2.072386 1.995210 0.872853 0.731973 0.649183 0.617878 0.571863 0.558314 0.538788 0.523778
0.053367 2.003580 1.928902 0.823276 0.684053 0.601925 0.571604 0.525184 0.510022 0.490984 0.475472
0.057224 1.934849 1.862870 0.776057 0.638779 0.557615 0.527878 0.481244 0.465798 0.445458 0.429510
0.061359 1.866315 1.797301 0.731113 0.596143 0.516112 0.487120 0.440690 0.425543 0.404877 0.388567
0.065793 1.797904 1.732191 0.688334 0.555979 0.477297 0.449158 0.403288 0.387898 0.366979 0.350939
0.070548 1.729724 1.667667 0.648109 0.518783 0.441566 0.414437 0.368710 0.353555 0.332618 0.316391
0.075646 1.661714 1.603538 0.610393 0.484373 0.408713 0.382974 0.337619 0.322504 0.302037 0.285745
0.081113 1.593942 1.539982 0.574996 0.452355 0.378755 0.354588 0.310006 0.294915 0.274847 0.258152
0.086975 1.526393 1.476930 0.542149 0.423199 0.351939 0.329435 0.285640 0.270735 0.251301 0.233931
0.093260 1.459160 1.414376 0.511628 0.396471 0.327733 0.307169 0.264251 0.249701 0.230949 0.212834
0.100000 1.392261 1.352499 0.483205 0.372200 0.306296 0.287886 0.246012 0.231686 0.213623 0.194750
0.107227 1.325722 1.291138 0.456918 0.350203 0.287334 0.271075 0.230538 0.216555 0.199325 0.179651
0.114976 1.259619 1.230344 0.432526 0.330125 0.270339 0.256384 0.217356 0.203835 0.187647 0.167027
0.123285 1.193929 1.170228 0.409775 0.311787 0.255289 0.243600 0.206245 0.193373 0.178434 0.156769
0.132194 1.128762 1.110630 0.388416 0.294931 0.241790 0.232291 0.196858 0.184718 0.171150 0.148474
0.141747 1.064167 1.051628 0.368221 0.279290 0.229692 0.222167 0.188683 0.177482 0.165426 0.141999
0.151991 1.000167 0.993192 0.349146 0.264797 0.218778 0.212934 0.181285 0.171279 0.160711 0.136862
0.162975 0.936840 0.935322 0.330773 0.251269 0.208796 0.204243 0.174346 0.165879 0.156689 0.132882
0.174753 0.874231 0.878008 0.312942 0.238663 0.199566 0.195863 0.167473 0.160761 0.152678 0.129503
0.187382 0.812427 0.821209 0.295305 0.226831 0.190870 0.187550 0.160343 0.155551 0.148123 0.126310
0.200923 0.751544 0.764970 0.277593 0.215745 0.182521 0.179198 0.152848 0.149885 0.142636 0.122954
0.215444 0.691637 0.709296 0.259622 0.205249 0.174364 0.170834 0.144983 0.143451 0.135829 0.118929
0.231013 0.632884 0.654268 0.241345 0.195131 0.166121 0.162372 0.136731 0.136029 0.127528 0.113692
0.247708 0.575424 0.599926 0.223017 0.185274 0.157721 0.153819 0.128084 0.127642 0.117937 0.107027
0.265609 0.519376 0.546331 0.204989 0.175670 0.149202 0.145215 0.119069 0.118412 0.107425 0.098998
0.284804 0.464914 0.493513 0.187773 0.166466 0.140760 0.136617 0.109805 0.108701 0.096490 0.090003
0.305386 0.412159 0.441400 0.171640 0.157770 0.132793 0.128371 0.100710 0.098994 0.085693 0.080613
0.327455 0.361320 0.390087 0.156644 0.149499 0.125630 0.120910 0.092354 0.089900 0.075676 0.071539
0.351119 0.312582 0.339653 0.142520 0.141206 0.119220 0.114590 0.085332 0.082018 0.066990 0.063422
0.376494 0.266139 0.290455 0.128936 0.132196 0.113083 0.109394 0.079936 0.075797 0.060105 0.056711
0.403702 0.222195 0.242991 0.115495 0.121695 0.106325 0.104565 0.075751 0.071327 0.055266 0.051654
0.432876 0.181087 0.197966 0.101849 0.109215 0.098095 0.098790 0.071864 0.068186 0.052348 0.048426
0.464159 0.143277 0.156132 0.087764 0.094637 0.087753 0.090663 0.067286 0.065319 0.050548 0.046914
0.497702 0.109247 0.118188 0.073158 0.078441 0.075071 0.079030 0.061035 0.061111 0.048296 0.045932
0.533670 0.079472 0.084908 0.058138 0.061574 0.060510 0.063896 0.052182 0.053660 0.043876 0.043209
0.572237 0.054344 0.057116 0.043236 0.045126 0.045174 0.047187 0.040986 0.042500 0.036285 0.036745
0.613591 0.034076 0.035202 0.029343 0.030177 0.030531 0.031433 0.029050 0.029898 0.026640 0.027210
0.657933 0.018756 0.019094 0.017391 0.017655 0.017903 0.018204 0.017724 0.018034 0.016838 0.017106
0.705480 0.008397 0.008463 0.008230 0.008276 0.008339 0.008403 0.008384 0.008451 0.008302 0.008368
0.756463 0.002639 0.002645 0.002638 0.002640 0.002643 0.002650 0.002650 0.002656 0.002685 0.002692
0.811131 0.000451 0.000451 0.000451 0.000451 0.000450 0.000451 0.000450 0.000450 0.000457 0.000458
0.869749 0.000030 0.000030 0.000030 0.000030 0.000030 0.000030 0.000030 0.000030 0.000031 0.000031
0.932603 0.000001 0.000001 0.000001 0.000001 0.000001 0.000001 0.000001 0.000001 0.000001 0.000001
1.000000 -0.000000 0.000000 0.000000 0.000000 0.000000 0.000000 0.000000 0.000000 0.000000 0.000000
