# r C2m=1 C2m=2 C2m=3 C2m=4 C2m=5 C2m=6 C2m=7
0.001000 0.002655 0.000008 0.000000 0.000000 0.000000 0.000000 0.000000
0.001072 0.002847 0.000009 0.000000 0.000000 0.000000 0.000000 0.000000
0.001150 0.003052 0.000011 0.000000 0.000000 0.000000 0.000000 0.000000
0.001233 0.003272 0.000012 0.000000 0.000000 0.000000 0.000000 0.000000
0.001322 0.003509 0.000014 0.000000 0.000000 0.000000 0.000000 0.000000
0.001417 0.003762 0.000016 0.000000 0.000000 0.000000 0.000000 0.000000
0.001520 0.004035 0.000019 0.000000 0.000000 0.000000 0.000000 0.000000
0.001630 0.004327 0.000022 0.000000 0.000000 0.000000 0.000000 0.000000
0.001748 0.004639 0.000025 0.000000 0.000000 0.000000 0.000000 0.000000
0.001874 0.004974 0.000029 0.000000 0.000000 0.000000 0.000000 0.000000
0.002009 0.005333 0.000033 0.000001 0.000000 0.000000 0.000000 0.000000
0.002154 0.005718 0.000038 0.000001 0.000000 0.000000 0.000000 0.000000
0.002310 0.006132 0.000044 0.000001 0.000000 0.000000 0.000000 0.000000
0.002477 0.006576 0.000050 0.000001 0.000000 0.000000 0.000000 0.000000
0.002656 0.007053 0.000058 0.000001 0.000000 0.000000 0.000000 0.000000
0.002848 0.007563 0.000067 0.000002 0.000000 0.000000 0.000000 0.000000
0.003054 0.008109 0.000076 0.000002 0.000000 0.000000 0.000000 0.000000
0.003275 0.008696 0.000088 0.000003 0.000000 0.000000 0.000000 0.000000
0.003511 0.009325 0.000101 0.000004 0.000000 0.000000 0.000000 0.000000
0.003765 0.009998 0.000116 0.000004 0.000000 0.000000 0.000000 0.000000
0.004037 0.010720 0.000134 0.000005 0.000000 0.000000 0.000000 0.000000
0.004329 0.011497 0.000154 0.000007 0.000000 0.000000 0.000000 0.000000
0.004642 0.012328 0.000177 0.000008 0.000000 0.000000 0.000000 0.000000
0.004977 0.013220 0.000203 0.000010 0.000001 0.000000 0.000000 0.000000
0.005337 0.014176 0.000234 0.000012 0.000001 0.000000 0.000000 0.000000
0.005722 0.015200 0.000268 0.000015 0.000001 0.000000 0.000000 0.000000
0.006136 0.016298 0.000308 0.000019 0.000001 0.000000 0.000000 0.000000
0.006579 0.017474 0.000354 0.000023 0.000002 0.000000 0.000000 0.000000
0.007055 0.018737 0.000407 0.000029 0.000002 0.000000 0.000000 0.000000
0.007565 0.020090 0.000469 0.000035 0.000003 0.000000 0.000000 0.000000
0.008111 0.021540 0.000539 0.000043 0.000004 0.000000 0.000000 0.000000
0.008697 0.023098 0.000619 0.000053 0.000005 0.000001 0.000000 0.000000
0.009326 0.024768 0.000712 0.000066 0.000007 0.000001 0.000000 0.000000
0.010000 0.026555 0.000819 0.000081 0.000009 0.000001 0.000000 0.000000
0.010723 0.028475 0.000941 0.000100 0.000012 0.000002 0.000000 0.000000
0.011498 0.030534 0.001081 0.000123 0.000016 0.000002 0.000000 0.000000
0.012328 0.032739 0.001242 0.000151 0.000021 0.000003 0.000001 0.000000
0.013219 0.035103 0.001427 0.000186 0.000028 0.000004 0.000001 0.000000
0.014175 0.037634 0.001640 0.000229 0.000036 0.000006 0.000001 0.000000
0.015199 0.040351 0.001885 0.000282 0.000048 0.000009 0.000002 0.000000
0.016298 0.043263 0.002166 0.000346 0.000063 0.000012 0.000003 0.000001
0.017475 0.046383 0.002490 0.000425 0.000083 0.000018 0.000004 0.000001
0.018738 0.049728 0.002861 0.000523 0.000109 0.000025 0.000006 0.000001
0.020092 0.053317 0.003287 0.000642 0.000143 0.000034 0.000009 0.000002
0.021544 0.057162 0.003775 0.000787 0.000187 0.000048 0.000013 0.000004
0.023101 0.061281 0.004338 0.000966 0.000244 0.000067 0.000019 0.000006
0.024771 0.065697 0.004980 0.001182 0.000319 0.000094 0.000029 0.000009
0.026561 0.070424 0.005716 0.001448 0.000416 0.000131 0.000043 0.000014
0.028480 0.075492 0.006561 0.001771 0.000542 0.000181 0.000063 0.000023
0.030539 0.080919 0.007527 0.002162 0.000704 0.000250 0.000093 0.000035
0.032745 0.086732 0.008633 0.002636 0.000911 0.000343 0.000136 0.000055
0.035112 0.092957 0.009898 0.003209 0.001177 0.000470 0.000197 0.000085
0.037649 0.099617 0.011346 0.003904 0.001518 0.000643 0.000286 0.000130
0.040370 0.106752 0.012996 0.004735 0.001947 0.000871 0.000410 0.000197
0.043288 0.114385 0.014881 0.005734 0.002489 0.001174 0.000582 0.000294
0.046416 0.122551 0.017033 0.006931 0.003170 0.001575 0.000821 0.000437
0.049770 0.131291 0.019489 0.008360 0.004021 0.002099 0.001150 0.000643
0.053367 0.140636 0.022284 0.010055 0.005076 0.002778 0.001595 0.000934
0.057224 0.150621 0.025459 0.012061 0.006376 0.003649 0.002189 0.001339
0.061359 0.161284 0.029063 0.014420 0.007960 0.004751 0.002971 0.001893
0.065793 0.172671 0.033157 0.017194 0.009886 0.006134 0.003986 0.002637
0.070548 0.184831 0.037796 0.020434 0.012206 0.007852 0.005286 0.003622
0.075646 0.197798 0.043043 0.024203 0.014978 0.009957 0.006921 0.004892
0.081113 0.211621 0.048977 0.028578 0.018276 0.012521 0.008959 0.006516
0.086975 0.226333 0.055672 0.033624 0.022159 0.015597 0.011452 0.008540
0.093260 0.242004 0.063225 0.039441 0.026722 0.019270 0.014478 0.011038
0.100000 0.258660 0.071721 0.046112 0.032048 0.023618 0.018107 0.014072
0.107227 0.276353 0.081279 0.053747 0.038232 0.028720 0.022409 0.017705
0.114976 0.295131 0.092016 0.062472 0.045401 0.034691 0.027486 0.022024
0.123285 0.315035 0.104045 0.072406 0.053677 0.041646 0.033446 0.027129
0.132194 0.336098 0.117509 0.083699 0.063220 0.049735 0.040426 0.033140
0.141747 0.358366 0.132558 0.096518 0.074204 0.059129 0.048594 0.040216
0.151991 0.381867 0.149339 0.111024 0.086808 0.070013 0.058133 0.048532
0.162975 0.406620 0.168018 0.127399 0.101233 0.082604 0.069265 0.058306
0.174753 0.432646 0.188757 0.145816 0.117682 0.097139 0.082249 0.069813
0.187382 0.459933 0.211719 0.166442 0.136333 0.113852 0.097348 0.083343
0.200923 0.488456 0.237069 0.189445 0.157361 0.132990 0.114861 0.099243
0.215444 0.518162 0.264952 0.214949 0.180867 0.154719 0.135006 0.117807
0.231013 0.548982 0.295524 0.243092 0.206951 0.179181 0.157975 0.139293
0.247708 0.580800 0.328927 0.274013 0.235702 0.206450 0.183842 0.163821
0.265609 0.613485 0.365307 0.307833 0.267182 0.236521 0.212567 0.191337
0.284804 0.646840 0.404793 0.344730 0.301541 0.269390 0.244024 0.221627
0.305386 0.680688 0.447528 0.384942 0.339037 0.305168 0.278189 0.254512
0.327455 0.714820 0.493611 0.428780 0.380051 0.344127 0.315196 0.289957
0.351119 0.749013 0.543012 0.476533 0.425063 0.386776 0.355519 0.328335
0.376494 0.783006 0.595510 0.528423 0.474653 0.433868 0.399961 0.370456
0.403702 0.816463 0.650538 0.584405 0.529393 0.486367 0.449712 0.417682
0.432876 0.848960 0.707111 0.643973 0.589472 0.545052 0.506044 0.471685
0.464159 0.879897 0.763690 0.705884 0.654121 0.609827 0.569688 0.533868
0.497702 0.908511 0.818198 0.768067 0.721442 0.679475 0.640312 0.604726
0.533670 0.933919 0.868046 0.827293 0.788028 0.751073 0.715602 0.682593
0.572237 0.955302 0.910627 0.879798 0.849408 0.819855 0.790800 0.762934
0.613591 0.972246 0.944504 0.923110 0.901867 0.880800 0.859847 0.839139
0.657933 0.984768 0.969548 0.956468 0.943467 0.930464 0.917507 0.904469
0.705480 0.993153 0.986316 0.979882 0.973479 0.967064 0.960675 0.954209
0.756463 0.997822 0.995647 0.993496 0.991351 0.989204 0.987063 0.984893
0.811131 0.999616 0.999232 0.998848 0.998465 0.998081 0.997698 0.997310
0.869749 0.999974 0.999947 0.999921 0.999895 0.999868 0.999842 0.999815
0.932603 1.000000 0.999999 0.999999 0.999998 0.999998 0.999997 0.999997
1.000000 1.000000 1.000000 1.000000 1.000000 1.000000 1.000000 1.000000
