# r H2m=1 H2m=2 H2m=3 H2m=4 H2m=5 H2m=6 H2m=7
0.001000 5.931272 5.781082 4.802868 nan nan nan nan
0.001072 5.861545 5.714605 4.715929 nan nan nan nan
0.001150 5.791817 5.646085 4.661492 nan nan nan nan
0.001233 5.722426 5.577861 4.603134 nan nan nan nan
0.001322 5.652388 5.514166 4.470599 4.343805 nan nan nan
0.001417 5.582733 5.438593 4.384922 4.574711 nan nan nan
0.001520 5.512759 5.372092 4.333933 4.762174 nan nan nan
0.001630 5.442978 5.300559 4.203720 4.628235 nan nan nan
0.001748 5.373197 5.230425 4.117241 4.343805 nan nan nan
0.001874 5.303524 5.161449 4.052153 3.959754 nan nan nan
0.002009 5.233804 5.089183 3.964238 3.988984 nan nan nan
0.002154 5.164089 5.018049 3.916893 3.936019 nan nan nan
0.002310 5.094206 4.944597 3.840716 3.750064 nan nan nan
0.002477 5.024385 4.872620 3.761388 3.719876 nan nan nan
0.002656 4.954358 4.802878 3.673356 3.554634 2.995732 nan nan
0.002848 4.884502 4.733078 3.576097 3.437377 3.349904 nan nan
0.003054 4.814771 4.663506 3.486969 3.339412 3.676301 nan nan
0.003275 4.744866 4.591608 3.412835 3.179864 3.135494 1.609438 nan
0.003511 4.675063 4.522460 3.340357 3.166412 3.360375 1.609438 nan
0.003765 4.605387 4.452442 3.272009 3.086772 3.060271 2.197225 nan
0.004037 4.535601 4.385673 3.206857 3.028522 2.878396 2.639057 nan
0.004329 4.465709 4.315412 3.144520 2.995891 2.862201 2.890372 nan
0.004642 4.395848 4.244582 3.074621 2.925968 2.988564 3.044522 nan
0.004977 4.326030 4.175462 3.003825 2.807486 2.805954 2.456736 nan
0.005337 4.256188 4.105388 2.935150 2.724516 2.802715 2.463853 nan
0.005722 4.186473 4.036799 2.864525 2.688603 2.708050 2.580217 nan
0.006136 4.116739 3.967675 2.792064 2.643012 2.590267 2.772589 nan
0.006579 4.047022 3.898507 2.725697 2.580507 2.532025 2.693125 nan
0.007055 3.977281 3.828639 2.658832 2.525489 2.479857 2.639057 nan
0.007565 3.907542 3.758227 2.591247 2.461664 2.402466 2.461917 2.397895
0.008111 3.837837 3.688703 2.520813 2.393514 2.322441 2.197225 2.104134
0.008697 3.767997 3.619157 2.451753 2.326845 2.266131 2.216872 2.079442
0.009326 3.698209 3.549345 2.381823 2.253546 2.224510 2.222867 1.945910
0.010000 3.628555 3.479327 2.310451 2.178278 2.140180 2.109000 1.783791
0.010723 3.558746 3.409963 2.241430 2.111779 2.074249 2.057583 1.609438
0.011498 3.488919 3.340786 2.173198 2.043995 1.982288 1.898716 1.571816
0.012328 3.419199 3.271656 2.104641 1.973324 1.905272 1.805609 1.569433
0.013219 3.349482 3.202628 2.036809 1.909423 1.831734 1.764778 1.644777
0.014175 3.279839 3.132917 1.968856 1.842910 1.757094 1.719884 1.639887
0.015199 3.210127 3.063605 1.901527 1.774193 1.683680 1.655744 1.645438
0.016298 3.140459 2.994268 1.834553 1.706080 1.619928 1.577834 1.588376
0.017475 3.070827 2.924722 1.766719 1.638159 1.552552 1.507744 1.485950
0.018738 3.001187 2.855386 1.699450 1.571045 1.482239 1.423442 1.402859
0.020092 2.931504 2.786411 1.633562 1.504448 1.418747 1.368219 1.341385
0.021544 2.861867 2.717359 1.567664 1.439134 1.355345 1.305594 1.286245
0.023101 2.792278 2.648165 1.501957 1.374188 1.290177 1.241491 1.221013
0.024771 2.722705 2.579701 1.438089 1.310298 1.223924 1.177082 1.156181
0.026561 2.653220 2.511270 1.373183 1.246039 1.159538 1.114590 1.096604
0.028480 2.583733 2.442878 1.309732 1.183914 1.097216 1.047723 1.029017
0.030539 2.514310 2.374923 1.247306 1.122230 1.036125 0.987549 0.964837
0.032745 2.444929 2.307177 1.186226 1.062229 0.976680 0.929150 0.905222
0.035112 2.375615 2.239858 1.126177 1.003145 0.917463 0.868768 0.847601
0.037649 2.306423 2.172510 1.066866 0.944774 0.859324 0.809433 0.787313
0.040370 2.237244 2.105900 1.009664 0.888802 0.803890 0.754994 0.734011
0.043288 2.168189 2.039510 0.953662 0.834713 0.751121 0.702594 0.682344
0.046416 2.099226 1.973380 0.899206 0.782333 0.699348 0.650976 0.631597
0.049770 2.030338 1.907542 0.846440 0.731949 0.649853 0.601541 0.582407
0.053367 1.961583 1.842325 0.795823 0.683483 0.602750 0.554907 0.535625
0.057224 1.892988 1.777681 0.747077 0.637529 0.558073 0.510832 0.491633
0.061359 1.824587 1.713717 0.700809 0.594184 0.516099 0.469304 0.450839
0.065793 1.756366 1.650132 0.656711 0.553472 0.477236 0.431021 0.413057
0.070548 1.688316 1.587245 0.615012 0.515260 0.441189 0.395668 0.378133
0.075646 1.620509 1.525043 0.575708 0.479903 0.408317 0.363773 0.346916
0.081113 1.552957 1.463445 0.538732 0.447032 0.378206 0.334682 0.318476
0.086975 1.485748 1.402536 0.504243 0.416975 0.351200 0.308856 0.293415
0.093260 1.418801 1.342254 0.471902 0.389303 0.326950 0.285920 0.271257
0.100000 1.352242 1.282732 0.441703 0.363845 0.305231 0.265711 0.252084
0.107227 1.286075 1.223792 0.413593 0.340635 0.286066 0.248145 0.235606
0.114976 1.220334 1.165463 0.387233 0.319199 0.269037 0.232817 0.221535
0.123285 1.155070 1.107861 0.362538 0.299300 0.253777 0.219280 0.209310
0.132194 1.090351 1.050890 0.339282 0.280612 0.239920 0.207237 0.198710
0.141747 1.026199 0.994532 0.317290 0.262917 0.227097 0.196218 0.189229
0.151991 0.962684 0.938855 0.296472 0.246049 0.215012 0.185948 0.180513
0.162975 0.899876 0.883811 0.276744 0.229897 0.203374 0.176111 0.172229
0.174753 0.837837 0.829459 0.258114 0.214361 0.191842 0.166397 0.163924
0.187382 0.776674 0.775819 0.240616 0.199543 0.180201 0.156605 0.155332
0.200923 0.716505 0.722898 0.224254 0.185557 0.168265 0.146558 0.146142
0.215444 0.657467 0.670738 0.209148 0.172638 0.156153 0.136290 0.136274
0.231013 0.599689 0.619316 0.195311 0.160955 0.144089 0.125960 0.125852
0.247708 0.543349 0.568570 0.182660 0.150610 0.132509 0.115980 0.115304
0.265609 0.488600 0.518418 0.171180 0.141628 0.121894 0.106777 0.105220
0.284804 0.435656 0.468724 0.160615 0.133855 0.112746 0.098893 0.096268
0.305386 0.384651 0.419365 0.150647 0.126984 0.105246 0.092563 0.088949
0.327455 0.335725 0.370283 0.140804 0.120637 0.099297 0.087814 0.083462
0.351119 0.288998 0.321626 0.130594 0.114299 0.094393 0.084266 0.079545
0.376494 0.244615 0.273722 0.119521 0.107313 0.089843 0.081373 0.076633
0.403702 0.202773 0.227182 0.107205 0.098863 0.084768 0.078356 0.073886
0.432876 0.163743 0.182824 0.093532 0.088429 0.078347 0.074257 0.070314
0.464159 0.127950 0.141643 0.078712 0.076158 0.070117 0.068088 0.064939
0.497702 0.095949 0.104702 0.063228 0.062624 0.059932 0.059366 0.057180
0.533670 0.068366 0.073145 0.048085 0.048626 0.048031 0.048379 0.047226
0.572237 0.045728 0.047894 0.034441 0.035152 0.035412 0.036083 0.035874
0.613591 0.028146 0.028949 0.022911 0.023282 0.023636 0.024076 0.024378
0.657933 0.015350 0.015576 0.013583 0.013686 0.013878 0.014022 0.014313
0.705480 0.006870 0.006908 0.006545 0.006556 0.006611 0.006629 0.006753
0.756463 0.002180 0.002182 0.002163 0.002162 0.002169 0.002166 0.002201
0.811131 0.000384 0.000384 0.000384 0.000384 0.000384 0.000384 0.000390
0.869749 0.000026 0.000026 0.000026 0.000026 0.000026 0.000026 0.000027
0.932603 0.000000 0.000000 0.000000 0.000000 0.000000 0.000000 0.000000
1.000000 -0.000000 0.000000 0.000000 0.000000 0.000000 0.000000 0.000000
