# r D2m=2 D2m=3 D2m=4 D2m=5 D2m=6 D2m=7
0.001036 1.886034 1.693561 1.887200 2.084563 2.722050 2.602455
0.001110 2.231481 2.020080 1.370089 1.393458 2.129224 2.399031
0.001191 2.157791 2.239729 2.108587 1.876164 1.548857 2.039000
0.001277 1.986753 1.929380 1.546897 1.812956 2.140580 1.893439
0.001369 1.842052 1.907453 1.962747 1.325141 1.211715 2.146243
0.001468 1.844933 2.064906 2.155867 1.736953 1.502030 0.919847
0.001574 2.070187 2.090629 1.961402 2.130071 1.949550 1.996849
0.001688 1.978889 2.034730 1.932757 1.899697 2.057998 2.426324
0.001810 2.000581 2.034963 2.032794 2.020637 1.500744 1.485890
0.001940 2.048751 2.164046 2.262551 2.476275 2.328170 1.649377
0.002081 1.778523 1.881744 1.910498 1.803590 2.105963 2.271319
0.002231 1.922903 2.034903 2.185954 1.948452 1.887621 1.798336
0.002392 1.916511 2.104079 1.839331 1.835308 1.858881 1.851679
0.002565 1.730949 2.010068 1.899267 1.714373 1.585765 1.723082
0.002750 1.646917 1.760209 2.306360 2.145795 1.879543 1.794025
0.002949 2.036848 1.945111 2.248155 2.337873 2.046632 1.633017
0.003162 1.976875 1.908995 2.066554 2.285805 2.397742 2.286504
0.003391 1.732967 1.751804 1.667590 2.025128 2.369127 2.343964
0.003636 1.895935 1.939792 1.798980 1.938289 1.956654 2.005514
0.003899 1.855689 1.930745 2.046927 1.989756 2.067138 1.898490
0.004180 1.841349 1.937615 1.907499 2.071864 2.201121 2.509949
0.004482 1.724744 1.800864 2.018846 2.071787 2.170262 2.264679
0.004806 1.746630 1.904143 1.912891 2.000955 2.255859 2.527478
0.005154 1.718324 1.812160 2.159454 2.050787 1.952871 2.017288
0.005526 1.676566 1.697200 1.791382 1.936522 1.986263 1.895183
0.005926 1.734907 1.690942 1.692325 1.876563 1.970768 2.109971
0.006354 1.755366 1.783544 1.758079 1.816123 1.987519 2.102111
0.006813 1.768288 1.661682 1.768315 1.770141 1.852438 2.045076
0.007305 1.764572 1.671173 1.552335 1.632240 1.780763 1.870744
0.007833 1.780549 1.729067 1.710978 1.569001 1.738212 1.829729
0.008399 1.952961 1.757706 1.693077 1.706646 1.524398 1.597221
0.009006 1.888470 1.804043 1.705995 1.781460 1.754861 1.630697
0.009657 1.882283 1.836207 1.604963 1.575123 1.671344 1.793900
0.010355 1.907260 1.885502 1.769934 1.645785 1.685050 1.676129
0.011103 1.932711 1.957245 1.856805 1.700965 1.544948 1.536288
0.011906 1.893466 1.929669 1.805253 1.779454 1.767044 1.655350
0.012766 1.880195 1.986291 1.858845 1.703161 1.702619 1.816632
0.013689 1.878458 1.944350 2.053559 1.888136 1.685325 1.646208
0.014678 1.906020 1.947543 1.888298 1.915318 1.796033 1.608928
0.015739 1.862519 1.927799 1.943018 1.910708 1.877334 1.700861
0.016876 1.842036 1.952085 1.896541 1.879867 1.808714 1.848414
0.018096 1.831133 1.932152 2.054758 1.975833 1.806980 1.753608
0.019403 1.859194 1.894591 1.964238 2.023941 1.974684 1.836322
0.020806 1.865057 1.875881 1.956437 2.011462 2.041566 1.984701
0.022309 1.849499 1.883509 1.897047 1.933300 1.941380 1.911591
0.023921 1.847739 1.881586 1.917688 1.948068 1.946986 1.974380
0.025650 1.865213 1.883729 1.889232 1.978159 1.952266 1.961160
0.027504 1.849651 1.886044 1.863078 1.950146 2.066746 2.101436
0.029492 1.858665 1.921727 1.839410 1.876273 1.967285 2.019376
0.031623 1.835486 1.915692 1.887097 1.841935 1.912542 1.954272
0.033908 1.810519 1.901064 1.897601 1.843354 1.848378 1.914230
0.036359 1.825067 1.901579 1.926566 1.885995 1.852042 1.886201
0.038986 1.822274 1.893785 1.914855 1.872074 1.854432 1.908518
0.041803 1.823662 1.889937 1.931887 1.888807 1.796424 1.820418
0.044824 1.834073 1.886694 1.910234 1.929190 1.875218 1.803806
0.048064 1.841709 1.894423 1.925633 1.935449 1.896629 1.834911
0.051537 1.839752 1.882270 1.910838 1.948827 1.981528 1.918870
0.055262 1.864217 1.895920 1.892318 1.949545 1.965944 1.984537
0.059255 1.864588 1.914623 1.911747 1.922587 1.938898 1.994574
0.063538 1.860820 1.919290 1.901637 1.919587 1.912485 1.938976
0.068129 1.871196 1.941922 1.918200 1.933083 1.936740 1.926857
0.073053 1.860397 1.950556 1.941406 1.945893 1.957651 1.925115
0.078332 1.844435 1.950022 1.953546 1.949886 1.960321 1.955411
0.083993 1.833630 1.953698 1.965744 1.957476 1.972830 1.975608
0.090063 1.823553 1.939942 1.978320 1.964962 1.966006 2.007092
0.096571 1.814891 1.930727 1.975377 1.991170 1.971401 2.006563
0.103550 1.792348 1.917061 1.949563 1.997458 1.995352 1.982519
0.111034 1.783985 1.910488 1.958686 1.996708 2.013170 2.035486
0.119058 1.783398 1.905930 1.945134 1.998651 2.004771 2.020292
0.127662 1.763312 1.889754 1.937761 1.984958 2.021430 2.038803
0.136887 1.753413 1.874479 1.925643 1.949993 1.994371 2.039288
0.146780 1.738987 1.867789 1.944529 1.952810 1.956092 2.015513
0.157387 1.740945 1.859494 1.926065 1.950053 1.945495 1.982640
0.168761 1.712152 1.847527 1.924308 1.971844 1.953948 1.949373
0.180957 1.704117 1.847535 1.925657 1.989817 2.017038 1.952957
0.194034 1.691010 1.834823 1.915444 1.990702 2.038831 1.996069
0.208057 1.680498 1.823205 1.900626 1.979159 2.057085 2.026512
0.223092 1.658814 1.822733 1.912682 1.954019 2.014947 2.045800
0.239215 1.640172 1.825536 1.941233 1.954560 1.999949 2.045744
0.256502 1.614127 1.826717 1.967033 1.967853 2.007513 2.050044
0.275039 1.584068 1.812872 1.914721 1.981522 2.029730 2.070837
0.294915 1.549209 1.816665 1.889704 1.973991 2.095802 2.143502
0.316228 1.524160 1.840757 1.896098 1.929138 2.082256 2.153566
0.339081 1.470837 1.799067 1.927807 1.950230 2.007782 2.126517
0.363585 1.423977 1.731456 1.860975 1.973052 2.033221 2.093234
0.389860 1.400640 1.656163 1.842910 1.980087 2.075370 2.120401
0.418034 1.367547 1.569549 1.702232 1.929751 2.068611 2.158491
0.448245 1.352875 1.513992 1.614403 1.834894 2.043180 2.135193
0.480638 1.264350 1.460851 1.569177 1.746408 1.931520 2.112139
0.515372 1.145468 1.407050 1.564939 1.692453 1.811475 2.071727
0.552617 1.003773 1.342024 1.563232 1.662470 1.732481 1.914052
0.592553 0.859826 1.238669 1.547744 1.634084 1.664901 1.790189
0.635375 0.721084 1.121657 1.505929 1.628862 1.622896 1.657709
0.681292 0.560132 0.990541 1.422273 1.635349 1.631393 1.623894
0.730527 0.353987 0.840279 1.358309 1.580845 1.636966 1.641742
0.783320 0.122739 0.661647 1.185117 1.485619 1.656149 1.688752
0.839929 0.002991 0.477054 1.005684 1.386176 1.737151 1.754381
0.900628 0.000000 0.310353 0.786322 1.188431 1.619966 1.771185
0.965714 0.000000 0.123277 0.485834 0.913894 1.465428 1.714043
