# r C2m=1 C2m=2 C2m=3 C2m=4 C2m=5 C2m=6 C2m=7 C2m=8 C2m=9 C2m=10
0.001000 0.002473 0.000007 0.000000 0.000000 0.000000 0.000000 0.000000 0.000000 0.000000 0.000000
0.001072 0.002652 0.000008 0.000000 0.000000 0.000000 0.000000 0.000000 0.000000 0.000000 0.000000
0.001150 0.002844 0.000010 0.000000 0.000000 0.000000 0.000000 0.000000 0.000000 0.000000 0.000000
0.001233 0.003050 0.000011 0.000000 0.000000 0.000000 0.000000 0.000000 0.000000 0.000000 0.000000
0.001322 0.003270 0.000013 0.000000 0.000000 0.000000 0.000000 0.000000 0.000000 0.000000 0.000000
0.001417 0.003506 0.000015 0.000000 0.000000 0.000000 0.000000 0.000000 0.000000 0.000000 0.000000
0.001520 0.003759 0.000017 0.000000 0.000000 0.000000 0.000000 0.000000 0.000000 0.000000 0.000000
0.001630 0.004031 0.000019 0.000000 0.000000 0.000000 0.000000 0.000000 0.000000 0.000000 0.000000
0.001748 0.004323 0.000022 0.000000 0.000000 0.000000 0.000000 0.000000 0.000000 0.000000 0.000000
0.001874 0.004636 0.000025 0.000000 0.000000 0.000000 0.000000 0.000000 0.000000 0.000000 0.000000
0.002009 0.004972 0.000029 0.000001 0.000000 0.000000 0.000000 0.000000 0.000000 0.000000 0.000000
0.002154 0.005331 0.000033 0.000001 0.000000 0.000000 0.000000 0.000000 0.000000 0.000000 0.000000
0.002310 0.005717 0.000038 0.000001 0.000000 0.000000 0.000000 0.000000 0.000000 0.000000 0.000000
0.002477 0.006130 0.000044 0.000001 0.000000 0.000000 0.000000 0.000000 0.000000 0.000000 0.000000
0.002656 0.006572 0.000051 0.000001 0.000000 0.000000 0.000000 0.000000 0.000000 0.000000 0.000000
0.002848 0.007048 0.000058 0.000002 0.000000 0.000000 0.000000 0.000000 0.000000 0.000000 0.000000
0.003054 0.007557 0.000067 0.000002 0.000000 0.000000 0.000000 0.000000 0.000000 0.000000 0.000000
0.003275 0.008102 0.000077 0.000002 0.000000 0.000000 0.000000 0.000000 0.000000 0.000000 0.000000
0.003511 0.008688 0.000089 0.000003 0.000000 0.000000 0.000000 0.000000 0.000000 0.000000 0.000000
0.003765 0.009315 0.000102 0.000004 0.000000 0.000000 0.000000 0.000000 0.000000 0.000000 0.000000
0.004037 0.009989 0.000117 0.000004 0.000000 0.000000 0.000000 0.000000 0.000000 0.000000 0.000000
0.004329 0.010712 0.000135 0.000005 0.000000 0.000000 0.000000 0.000000 0.000000 0.000000 0.000000
0.004642 0.011486 0.000155 0.000007 0.000000 0.000000 0.000000 0.000000 0.000000 0.000000 0.000000
0.004977 0.012315 0.000178 0.000008 0.000000 0.000000 0.000000 0.000000 0.000000 0.000000 0.000000
0.005337 0.013206 0.000204 0.000010 0.000001 0.000000 0.000000 0.000000 0.000000 0.000000 0.000000
0.005722 0.014159 0.000235 0.000013 0.000001 0.000000 0.000000 0.000000 0.000000 0.000000 0.000000
0.006136 0.015180 0.000270 0.000015 0.000001 0.000000 0.000000 0.000000 0.000000 0.000000 0.000000
0.006579 0.016277 0.000310 0.000019 0.000001 0.000000 0.000000 0.000000 0.000000 0.000000 0.000000
0.007055 0.017454 0.000357 0.000023 0.000002 0.000000 0.000000 0.000000 0.000000 0.000000 0.000000
0.007565 0.018715 0.000411 0.000029 0.000002 0.000000 0.000000 0.000000 0.000000 0.000000 0.000000
0.008111 0.020066 0.000472 0.000035 0.000003 0.000000 0.000000 0.000000 0.000000 0.000000 0.000000
0.008697 0.021517 0.000543 0.000044 0.000004 0.000000 0.000000 0.000000 0.000000 0.000000 0.000000
0.009326 0.023072 0.000624 0.000054 0.000006 0.000001 0.000000 0.000000 0.000000 0.000000 0.000000
0.010000 0.024742 0.000717 0.000066 0.000008 0.000001 0.000000 0.000000 0.000000 0.000000 0.000000
0.010723 0.026529 0.000824 0.000082 0.000010 0.000001 0.000000 0.000000 0.000000 0.000000 0.000000
0.011498 0.028444 0.000947 0.000100 0.000013 0.000002 0.000000 0.000000 0.000000 0.000000 0.000000
0.012328 0.030496 0.001088 0.000123 0.000017 0.000003 0.000000 0.000000 0.000000 0.000000 0.000000
0.013219 0.032701 0.001250 0.000152 0.000023 0.000004 0.000001 0.000000 0.000000 0.000000 0.000000
0.014175 0.035062 0.001436 0.000186 0.000030 0.000005 0.000001 0.000000 0.000000 0.000000 0.000000
0.015199 0.037591 0.001650 0.000229 0.000039 0.000007 0.000001 0.000000 0.000000 0.000000 0.000000
0.016298 0.040303 0.001896 0.000281 0.000052 0.000010 0.000002 0.000001 0.000000 0.000000 0.000000
0.017475 0.043212 0.002177 0.000345 0.000068 0.000014 0.000003 0.000001 0.000000 0.000000 0.000000
0.018738 0.046328 0.002501 0.000424 0.000089 0.000020 0.000005 0.000001 0.000000 0.000000 0.000000
0.020092 0.049665 0.002873 0.000520 0.000116 0.000028 0.000007 0.000002 0.000000 0.000000 0.000000
0.021544 0.053244 0.003300 0.000639 0.000153 0.000039 0.000011 0.000003 0.000001 0.000000 0.000000
0.023101 0.057082 0.003790 0.000783 0.000200 0.000055 0.000016 0.000005 0.000001 0.000000 0.000000
0.024771 0.061191 0.004350 0.000958 0.000261 0.000076 0.000024 0.000008 0.000002 0.000001 0.000000
0.026561 0.065591 0.004992 0.001172 0.000339 0.000106 0.000035 0.000012 0.000004 0.000002 0.000001
0.028480 0.070305 0.005729 0.001433 0.000441 0.000146 0.000051 0.000019 0.000007 0.000003 0.000001
0.030539 0.075357 0.006572 0.001749 0.000572 0.000202 0.000075 0.000029 0.000012 0.000005 0.000002
0.032745 0.080769 0.007536 0.002131 0.000740 0.000277 0.000109 0.000045 0.000019 0.000008 0.000004
0.035112 0.086562 0.008641 0.002596 0.000955 0.000378 0.000158 0.000069 0.000031 0.000014 0.000007
0.037649 0.092767 0.009906 0.003157 0.001232 0.000517 0.000229 0.000106 0.000050 0.000024 0.000012
0.040370 0.099406 0.011353 0.003835 0.001582 0.000702 0.000328 0.000160 0.000080 0.000041 0.000021
0.043288 0.106516 0.013006 0.004646 0.002022 0.000947 0.000467 0.000240 0.000126 0.000068 0.000037
0.046416 0.114117 0.014891 0.005619 0.002577 0.001269 0.000657 0.000354 0.000196 0.000110 0.000063
0.049770 0.122244 0.017036 0.006776 0.003265 0.001688 0.000917 0.000519 0.000301 0.000178 0.000107
0.053367 0.130941 0.019484 0.008154 0.004119 0.002231 0.001269 0.000751 0.000455 0.000281 0.000177
0.057224 0.140230 0.022264 0.009782 0.005168 0.002925 0.001737 0.001072 0.000678 0.000437 0.000287
0.061359 0.150157 0.025429 0.011707 0.006453 0.003806 0.002352 0.001510 0.000994 0.000667 0.000455
0.065793 0.160760 0.029021 0.013971 0.008013 0.004910 0.003149 0.002098 0.001432 0.000996 0.000705
0.070548 0.172064 0.033092 0.016620 0.009892 0.006280 0.004165 0.002869 0.002024 0.001456 0.001066
0.075646 0.184136 0.037709 0.019713 0.012143 0.007965 0.005449 0.003870 0.002813 0.002086 0.001575
0.081113 0.196998 0.042931 0.023310 0.014822 0.010016 0.007046 0.005143 0.003840 0.002923 0.002269
0.086975 0.210695 0.048827 0.027473 0.017981 0.012479 0.008996 0.006725 0.005137 0.004002 0.003182
0.093260 0.225281 0.055485 0.032291 0.021699 0.015426 0.011364 0.008670 0.006753 0.005365 0.004353
0.100000 0.240791 0.062984 0.037840 0.026046 0.018923 0.014209 0.011035 0.008738 0.007057 0.005829
0.107227 0.257280 0.071420 0.044219 0.031109 0.023043 0.017590 0.013865 0.011129 0.009111 0.007636
0.114976 0.274794 0.080902 0.051542 0.036989 0.027884 0.021599 0.017244 0.013999 0.011586 0.009830
0.123285 0.293355 0.091519 0.059912 0.043782 0.033531 0.026309 0.021231 0.017396 0.014522 0.012446
0.132194 0.313027 0.103420 0.069490 0.051639 0.040123 0.031846 0.025937 0.021412 0.017994 0.015548
0.141747 0.333841 0.116726 0.080421 0.060699 0.047798 0.038339 0.031481 0.026157 0.022094 0.019219
0.151991 0.355818 0.131568 0.092858 0.071114 0.056696 0.045923 0.037994 0.031745 0.026929 0.023555
0.162975 0.378996 0.148081 0.106970 0.083064 0.066998 0.054776 0.045646 0.038340 0.032649 0.028697
0.174753 0.403395 0.166445 0.122969 0.096762 0.078910 0.065106 0.054652 0.046150 0.039462 0.034843
0.187382 0.429020 0.186794 0.141028 0.112411 0.092646 0.077144 0.065250 0.055425 0.047632 0.042253
0.200923 0.455880 0.209313 0.161355 0.130234 0.108438 0.091131 0.077702 0.066449 0.057463 0.051225
0.215444 0.483980 0.234189 0.184181 0.150492 0.126576 0.107376 0.092339 0.079585 0.069361 0.062178
0.231013 0.513270 0.261587 0.209676 0.173376 0.147292 0.126145 0.109468 0.095195 0.083740 0.075557
0.247708 0.543756 0.291758 0.238081 0.199129 0.170876 0.147766 0.129471 0.113723 0.101098 0.091901
0.265609 0.575380 0.324910 0.269564 0.227903 0.197533 0.172480 0.152653 0.135545 0.121883 0.111732
0.284804 0.608056 0.361253 0.304256 0.259777 0.227335 0.200362 0.179129 0.160804 0.146274 0.135279
0.305386 0.641665 0.400997 0.342294 0.294864 0.260360 0.231445 0.208925 0.189523 0.174300 0.162604
0.327455 0.676046 0.444288 0.383794 0.333307 0.296685 0.265709 0.241949 0.221555 0.205761 0.193478
0.351119 0.710975 0.491207 0.428933 0.375393 0.336530 0.303266 0.278182 0.256781 0.240437 0.227624
0.376494 0.746166 0.541663 0.477891 0.421498 0.380251 0.344411 0.317748 0.295179 0.278160 0.264777
0.403702 0.781300 0.595423 0.530899 0.472188 0.428535 0.389892 0.361259 0.337225 0.319240 0.305131
0.432876 0.815922 0.651825 0.587840 0.527906 0.482204 0.440814 0.409848 0.383902 0.364448 0.349294
0.464159 0.849458 0.709718 0.648045 0.588728 0.542017 0.498529 0.465189 0.436860 0.415267 0.398508
0.497702 0.881150 0.767252 0.710086 0.653968 0.608124 0.564174 0.529185 0.498453 0.474294 0.455191
0.533670 0.910199 0.822214 0.771989 0.722030 0.679526 0.637712 0.602816 0.570716 0.544444 0.522630
0.572237 0.935929 0.872402 0.831328 0.790212 0.753683 0.717200 0.685164 0.654183 0.627727 0.604264
0.613591 0.957798 0.915805 0.885125 0.854355 0.825837 0.797251 0.770871 0.744517 0.721084 0.698808
0.657933 0.975309 0.950770 0.930485 0.910124 0.890548 0.870927 0.852067 0.833031 0.815383 0.797787
0.705480 0.988042 0.976205 0.965321 0.954381 0.943575 0.932754 0.922084 0.911278 0.900844 0.890247
0.756463 0.995811 0.991699 0.987706 0.983683 0.979665 0.975645 0.971636 0.967568 0.963538 0.959421
0.811131 0.999172 0.998374 0.997590 0.996798 0.996006 0.995214 0.994422 0.993618 0.992816 0.991993
0.869749 0.999938 0.999880 0.999823 0.999765 0.999707 0.999648 0.999590 0.999531 0.999472 0.999411
0.932603 0.999999 0.999998 0.999997 0.999996 0.999995 0.999994 0.999993 0.999992 0.999992 0.999991
1.000000 1.000000 1.000000 1.000000 1.000000 1.000000 1.000000 1.000000 1.000000 1.000000 1.000000
