# r D2m=2 D2m=3 D2m=4 D2m=5 D2m=6 D2m=7
0.001036 2.047393 2.366075 3.911548 3.472768 6.463159 17.828344
0.001110 2.082590 2.230222 2.261312 3.185931 1.499793 3.231713
0.001191 2.499792 2.474402 2.410155 2.745516 5.056536 4.908474
0.001277 2.164304 1.964471 1.569178 2.166348 1.929864 3.942703
0.001369 2.214012 2.648552 2.404768 2.899370 1.574738 0.358312
0.001468 2.205529 2.457384 2.505773 2.865743 2.646643 0.349571
0.001574 2.401258 2.952428 2.264042 1.902237 2.969260 1.475421
0.001688 2.336432 3.007451 2.430842 2.454432 3.064168 3.047696
0.001810 2.097220 2.809095 2.485685 2.247959 2.978415 4.279542
0.001940 2.143931 3.254729 3.907556 2.477019 2.236431 3.556019
0.002081 2.148694 2.819459 3.947843 3.432724 2.355035 3.060323
0.002231 2.253616 2.800687 2.969097 3.432248 3.561041 2.765261
0.002392 2.151248 2.752476 3.154995 3.265864 3.550216 3.550971
0.002565 2.081869 2.643815 3.111569 3.388649 2.786084 3.368298
0.002750 2.000703 2.405123 3.159177 3.744049 2.902249 2.615977
0.002949 2.041664 2.239419 2.862270 3.789076 4.078790 2.624624
0.003162 2.120400 2.322842 2.462376 3.122030 3.794198 3.237878
0.003391 2.085676 2.340884 2.230248 2.590385 3.346820 3.750945
0.003636 1.949636 2.339476 2.355888 2.531875 3.356661 3.917318
0.003899 1.874542 2.255251 2.428395 2.431663 2.802198 3.754154
0.004180 1.905539 2.133400 2.266145 2.198291 2.504289 3.139928
0.004482 1.900068 2.106238 2.205577 2.338348 2.324019 2.686020
0.004806 1.840033 2.069226 2.291606 2.364145 2.300473 2.290906
0.005154 1.805042 2.020424 2.357916 2.467026 2.430446 2.681242
0.005526 1.863540 2.029940 2.270146 2.511285 2.653166 2.405478
0.005926 1.886797 1.910380 2.086886 2.424486 2.701832 2.837729
0.006354 1.850512 1.893256 1.904481 2.110434 2.460700 2.524388
0.006813 1.829685 1.867364 1.803367 1.991280 2.413854 2.737705
0.007305 1.822768 1.945255 1.888577 1.831762 1.833436 2.369763
0.007833 1.825558 1.907018 1.910266 1.862760 1.892661 2.074411
0.008399 1.829348 1.872106 1.837524 1.825723 1.813562 1.775243
0.009006 1.892742 1.948203 1.899236 1.869055 1.828675 1.764529
0.009657 1.859680 1.955890 1.925268 1.936166 1.896099 1.800374
0.010355 1.881752 1.947600 1.947605 1.853556 1.828518 1.907350
0.011103 1.837374 1.923967 1.888160 1.879227 1.808829 1.772515
0.011906 1.863703 1.934917 1.916915 1.853350 1.917870 1.915204
0.012766 1.838025 1.979297 1.972026 1.919763 1.797453 1.783581
0.013689 1.811634 1.971711 1.972187 1.989001 1.907408 1.856943
0.014678 1.830162 1.962005 2.034522 1.974119 1.947319 1.796292
0.015739 1.827879 1.944464 2.006260 2.007399 2.013437 1.960825
0.016876 1.797239 1.928571 1.992929 2.073239 1.999275 1.964292
0.018096 1.805213 1.897437 1.905010 1.970255 2.090896 2.050171
0.019403 1.827254 1.927654 1.935489 1.965094 2.043996 2.124976
0.020806 1.825914 1.927091 1.927320 1.920489 1.955249 2.059094
0.022309 1.811506 1.927026 1.905621 1.908494 1.918687 1.925126
0.023921 1.810244 1.923897 1.947248 1.931899 1.946907 1.947627
0.025650 1.809487 1.933828 1.953584 1.965812 1.946921 1.945627
0.027504 1.793139 1.908176 1.876593 1.928184 1.997072 1.972880
0.029492 1.763325 1.904090 1.910448 1.906700 1.976263 2.035255
0.031623 1.780248 1.913589 1.917894 1.886229 1.889025 1.950032
0.033908 1.772757 1.935912 1.968559 1.925245 1.884589 1.927371
0.036359 1.761350 1.903249 1.946891 1.936051 1.912827 1.923636
0.038986 1.759980 1.910413 1.953301 1.940066 1.925520 1.911530
0.041803 1.752313 1.901803 1.946362 1.947875 1.951679 1.943126
0.044824 1.755096 1.886604 1.943765 1.956346 1.959715 1.944288
0.048064 1.764966 1.896144 1.928222 1.963041 1.981247 1.971467
0.051537 1.763357 1.894606 1.900076 1.938986 1.975372 1.981827
0.055262 1.764296 1.888737 1.903703 1.935934 1.966248 1.953128
0.059255 1.778805 1.899702 1.899452 1.923456 1.968148 1.989762
0.063538 1.784020 1.911961 1.907200 1.917855 1.952649 1.983078
0.068129 1.794143 1.932290 1.917832 1.914216 1.933677 1.960319
0.073053 1.802836 1.950147 1.932657 1.924649 1.937487 1.968558
0.078332 1.800833 1.960350 1.955005 1.943862 1.933076 1.970843
0.083993 1.799229 1.968601 1.960087 1.957670 1.961791 1.974651
0.090063 1.791084 1.976488 1.982923 1.979359 1.966437 1.989670
0.096571 1.778706 1.957249 1.976581 1.989823 1.997136 2.007050
0.103550 1.763282 1.940913 1.979165 1.989772 1.995778 2.016100
0.111034 1.768437 1.926539 1.970364 1.998420 2.000481 2.025595
0.119058 1.748613 1.921652 1.967451 1.992589 1.995380 2.018239
0.127662 1.729893 1.905126 1.953388 1.985175 1.985757 2.007735
0.136887 1.719636 1.901464 1.958183 1.986572 1.983253 1.999981
0.146780 1.706137 1.891555 1.959886 1.998205 1.981586 1.995690
0.157387 1.697249 1.902532 1.958888 2.015055 2.007068 1.993943
0.168761 1.687402 1.913542 1.964484 2.036981 2.049581 1.998837
0.180957 1.666535 1.912597 1.970691 2.057981 2.085935 2.043481
0.194034 1.639510 1.901103 1.952643 2.043607 2.078646 2.079823
0.208057 1.617888 1.886493 1.945770 2.034370 2.099244 2.117217
0.223092 1.597543 1.877795 1.953342 2.029264 2.100978 2.134034
0.239215 1.574104 1.866834 1.966365 2.025891 2.075957 2.123936
0.256502 1.553023 1.835150 1.976120 2.040760 2.087770 2.132312
0.275039 1.535850 1.787364 1.958311 2.043988 2.116541 2.154760
0.294915 1.529957 1.766599 1.918550 2.021643 2.150045 2.201319
0.316228 1.515406 1.741869 1.907269 2.010086 2.150994 2.248481
0.339081 1.461431 1.676276 1.879851 2.011121 2.099628 2.176607
0.363585 1.436095 1.618892 1.827470 2.011606 2.130495 2.215544
0.389860 1.411988 1.542435 1.729900 1.935874 2.101339 2.236160
0.418034 1.395712 1.492999 1.616907 1.826022 2.043530 2.224184
0.448245 1.387376 1.472017 1.546200 1.712707 1.945102 2.168712
0.480638 1.328279 1.460066 1.512194 1.636600 1.817778 2.077421
0.515372 1.212558 1.426742 1.504586 1.586168 1.699223 1.890459
0.552617 1.087992 1.366248 1.494799 1.546041 1.606104 1.727015
0.592553 0.978121 1.301090 1.491480 1.528783 1.538159 1.598687
0.635375 0.819053 1.213037 1.477495 1.532559 1.515142 1.531998
0.681292 0.661407 1.134997 1.468967 1.544988 1.518975 1.507952
0.730527 0.453839 0.998319 1.463585 1.576768 1.555202 1.520314
0.783320 0.230039 0.843945 1.389212 1.601267 1.626291 1.576059
0.839929 0.040847 0.568025 1.183643 1.559241 1.698830 1.655321
0.900628 0.000525 0.380136 0.898579 1.353198 1.684546 1.735578
0.965714 0.000000 0.186051 0.629796 1.090538 1.539079 1.789202
