# r D2m=1 D2m=2 D2m=3 D2m=4 D2m=5 D2m=6 D2m=7 D2m=8 D2m=9 D2m=10
0.001000 1.003085 1.932013 1.565013 0.000000 nan nan nan nan nan nan
0.001072 0.998603 1.953139 2.695112 0.000000 nan nan nan nan nan nan
0.001150 1.002527 1.989227 5.111765 0.000000 nan nan nan nan nan nan
0.001233 1.000094 1.987142 2.003029 9.933990 nan nan nan nan nan nan
0.001322 0.997037 2.091509 3.807983 5.811012 nan nan nan nan nan nan
0.001417 0.996685 2.055447 3.159761 4.122978 nan nan nan nan nan nan
0.001520 0.999408 1.977634 2.966246 3.198030 nan nan nan nan nan nan
0.001630 1.000651 1.975206 2.612981 2.612981 nan nan nan nan nan nan
0.001748 1.002585 2.023597 2.861787 2.209244 nan nan nan nan nan nan
0.001874 1.000464 2.007506 3.223524 1.913734 nan nan nan nan nan nan
0.002009 1.002065 2.008612 3.184439 1.688033 nan nan nan nan nan nan
0.002154 0.998667 1.974963 2.940091 2.875956 nan nan nan nan nan nan
0.002310 0.997404 1.990199 3.095772 5.370001 nan nan nan nan nan nan
0.002477 1.004022 2.025961 3.230120 3.897277 nan nan nan nan nan nan
0.002656 0.999126 1.978007 2.881135 4.625897 nan nan nan nan nan nan
0.002848 1.001207 2.017136 3.212006 0.955802 nan nan nan nan nan nan
0.003054 0.999982 1.995595 2.951946 5.341077 nan nan nan nan nan nan
0.003275 1.000491 2.000708 2.831101 3.882103 nan nan nan nan nan nan
0.003511 1.001061 2.020368 3.138190 4.183578 9.933990 nan nan nan nan nan
0.003765 1.001619 2.003188 3.029136 4.873964 5.811012 nan nan nan nan nan
0.004037 0.998928 2.006662 2.957361 3.428572 4.122978 nan nan nan nan nan
0.004329 1.001443 2.008840 2.983848 4.199009 8.020256 nan nan nan nan nan
0.004642 1.001525 1.997727 2.865506 3.363891 6.477723 9.933990 nan nan nan nan
0.004977 1.000231 1.984175 2.900004 3.681499 3.456267 0.000000 nan nan nan nan
0.005337 0.999723 1.988698 2.881804 3.299707 2.782589 0.000000 nan nan nan nan
0.005722 0.998825 1.991315 3.159097 3.937572 4.332204 0.000000 nan nan nan nan
0.006136 0.998946 1.996881 2.893959 3.464262 3.322115 0.000000 nan nan nan nan
0.006579 1.000543 2.012405 3.059778 4.100980 7.517337 15.745000 nan nan nan nan
0.007055 0.998649 2.014657 2.959228 3.843712 6.100551 5.811012 nan nan nan nan
0.007565 0.999352 1.996405 3.023085 4.326713 6.126007 5.270128 nan nan nan nan
0.008111 1.000235 2.001981 2.991911 3.749354 3.903211 2.050881 0.000000 nan nan nan
0.008697 0.999586 1.993977 2.980147 4.005704 4.027751 4.122978 5.811012 nan nan nan
0.009326 0.999408 1.995602 2.988196 4.041223 4.924231 4.301014 7.321009 nan nan nan
0.010000 0.999075 1.998171 3.006150 4.109649 4.829484 4.122978 0.000000 nan nan nan
0.010723 1.000232 1.995140 2.962688 4.001676 5.028070 5.811012 4.822225 nan nan nan
0.011498 0.999039 1.998850 2.991539 4.099682 5.157675 5.986863 3.601767 nan nan nan
0.012328 0.998321 1.992788 2.977033 3.883615 4.814584 5.094276 4.122978 nan nan nan
0.013219 0.998923 1.993161 3.000525 4.099622 5.217113 6.873106 8.020256 nan nan nan
0.014175 0.998679 1.999386 3.015024 3.950132 4.919270 6.525897 8.871895 19.867980 nan nan
0.015199 0.998671 1.986396 2.975800 3.905749 4.742152 5.649798 7.321009 14.497980 nan nan
0.016298 0.998409 1.987882 2.963246 3.851597 4.562759 5.637028 7.008953 7.058034 0.000000 0.000000
0.017475 0.997756 1.989696 2.959194 3.920842 5.040388 6.149770 7.103032 6.332222 7.321009 0.000000
0.018738 0.998275 1.989498 2.952783 3.857174 4.776648 5.629413 6.243700 6.477723 4.822225 0.000000
0.020092 0.997476 1.982415 2.933509 3.876182 4.793843 5.906876 7.310349 7.255716 3.601767 0.000000
0.021544 0.995867 1.979300 2.934529 3.827564 4.745244 5.579850 6.231327 6.261934 7.321009 5.811012
0.023101 0.996368 1.979767 2.932578 3.861318 4.698674 5.374316 5.686206 7.745868 9.933990 4.122978
0.024771 0.995105 1.974501 2.911951 3.862901 4.844956 5.751568 6.767263 9.407306 10.633240 13.132020
0.026561 0.994895 1.970495 2.916335 3.857492 4.784800 5.768590 6.561180 7.058034 8.373351 10.633240
0.028480 0.993844 1.968247 2.896635 3.809539 4.689836 5.619892 6.339678 6.950954 9.417476 11.545990
0.030539 0.993144 1.966921 2.884205 3.786539 4.693985 5.652874 6.721829 8.163717 10.482180 13.192880
0.032745 0.992237 1.960022 2.866606 3.732999 4.581398 5.424953 6.264690 7.142075 8.574357 10.054930
0.035112 0.990949 1.952703 2.842396 3.707349 4.546324 5.386141 6.268284 7.066016 7.830164 8.936598
0.037649 0.989661 1.946511 2.827088 3.657341 4.513055 5.348071 6.170081 7.166418 8.264200 9.424729
0.040370 0.988565 1.941223 2.806278 3.623562 4.419897 5.237830 6.049024 6.787269 7.400003 7.946004
0.043288 0.986041 1.931260 2.780256 3.582043 4.390108 5.164881 5.897679 6.593347 7.207119 7.636422
0.046416 0.984451 1.922483 2.751116 3.523033 4.263521 5.000898 5.732807 6.441857 7.139363 7.755252
0.049770 0.982264 1.913976 2.725865 3.474947 4.209203 4.953921 5.698161 6.481532 7.336881 8.036655
0.053367 0.979905 1.901356 2.689943 3.405701 4.101603 4.792703 5.489123 6.186814 6.833321 7.480092
0.057224 0.976631 1.890100 2.658875 3.352013 4.033591 4.709209 5.354347 5.962820 6.525776 7.120881
0.061359 0.973000 1.874465 2.618315 3.278163 3.923948 4.565401 5.177573 5.745070 6.297068 6.846610
0.065793 0.969070 1.860489 2.582698 3.211794 3.817743 4.422123 5.013702 5.595531 6.171642 6.727568
0.070548 0.965333 1.845262 2.545411 3.147912 3.720592 4.290512 4.835117 5.362239 5.910791 6.493762
0.075646 0.960054 1.827515 2.505389 3.080799 3.615726 4.151681 4.666965 5.161140 5.658078 6.161758
0.081113 0.954724 1.809380 2.467352 3.018836 3.526762 4.035401 4.518631 4.992599 5.473743 5.974829
0.086975 0.947937 1.785850 2.421393 2.948334 3.424783 3.900010 4.355505 4.792323 5.238852 5.706162
0.093260 0.941272 1.765235 2.380410 2.884028 3.327163 3.773978 4.201683 4.611123 5.028065 5.465393
0.100000 0.932966 1.739521 2.335438 2.820408 3.233151 3.652847 4.051698 4.437670 4.833123 5.257896
0.107227 0.923855 1.714253 2.294600 2.765178 3.156395 3.557772 3.945209 4.321312 4.699432 5.108806
0.114976 0.913544 1.686529 2.252511 2.711514 3.080231 3.457024 3.827153 4.188496 4.554816 4.952169
0.123285 0.902760 1.658046 2.211464 2.663634 3.014203 3.372701 3.727862 4.079612 4.434965 4.820819
0.132194 0.890540 1.627112 2.170052 2.618355 2.953026 3.291658 3.630329 3.968697 4.310111 4.677869
0.141747 0.877023 1.594742 2.127405 2.573243 2.897252 3.216396 3.542134 3.872096 4.207115 4.562844
0.151991 0.862593 1.561458 2.087961 2.535819 2.852608 3.156394 3.469148 3.792877 4.121434 4.462294
0.162975 0.846589 1.526701 2.045665 2.496471 2.812653 3.103615 3.407223 3.726641 4.053990 4.378103
0.174753 0.829723 1.491240 2.003328 2.456973 2.774905 3.054700 3.347134 3.661425 3.987190 4.295396
0.187382 0.811616 1.455694 1.959468 2.417070 2.743704 3.014600 3.299362 3.612034 3.938825 4.235186
0.200923 0.792699 1.421369 1.915931 2.375141 2.714716 2.982276 3.260328 3.571727 3.902406 4.194699
0.215444 0.772756 1.388020 1.872625 2.330583 2.686460 2.953655 3.229418 3.541205 3.876661 4.169132
0.231013 0.752468 1.356936 1.832218 2.285995 2.657974 2.928086 3.201846 3.512572 3.850345 4.146417
0.247708 0.731633 1.327523 1.792705 2.237685 2.620563 2.892676 3.163208 3.468940 3.802412 4.100545
0.265609 0.709629 1.300027 1.758056 2.192012 2.580662 2.854467 3.120291 3.417825 3.740179 4.036718
0.284804 0.687289 1.275719 1.731060 2.155447 2.545079 2.818292 3.078435 3.366277 3.675108 3.969860
0.305386 0.663196 1.252207 1.710951 2.131167 2.519102 2.790677 3.044629 3.319917 3.612046 3.897211
0.327455 0.636942 1.228367 1.696866 2.121799 2.510130 2.781821 3.033976 3.299934 3.579552 3.853549
0.351119 0.606347 1.197963 1.678452 2.114625 2.508581 2.785253 3.042954 3.307449 3.582201 3.847888
0.376494 0.570061 1.154986 1.644169 2.094823 2.502392 2.794962 3.071988 3.350340 3.636014 3.905654
0.403702 0.526011 1.090239 1.575874 2.035212 2.456826 2.773821 3.080603 3.385662 3.697904 3.986812
0.432876 0.472158 0.992476 1.453465 1.903696 2.325002 2.664843 3.001765 3.333777 3.674047 3.986702
0.464159 0.408191 0.858594 1.272209 1.688315 2.084575 2.431202 2.782140 3.126225 3.479551 3.806114
0.497702 0.335150 0.698010 1.045661 1.401247 1.745710 2.068899 2.399514 2.726710 3.062411 3.377362
0.533670 0.257216 0.529092 0.798688 1.074375 1.345612 1.612073 1.884290 2.158927 2.438761 2.706370
0.572237 0.179999 0.366830 0.555672 0.746079 0.935704 1.126033 1.319310 1.518228 1.718734 1.913869
0.613591 0.111372 0.225589 0.341690 0.456247 0.571113 0.687183 0.804483 0.927696 1.050760 1.172069
0.657933 0.058328 0.117630 0.177711 0.235674 0.293866 0.352756 0.412087 0.475852 0.539280 0.602273
0.705480 0.024206 0.048678 0.073368 0.096700 0.120086 0.143747 0.167543 0.193896 0.220133 0.246301
0.756463 0.007165 0.014377 0.021634 0.028362 0.035092 0.041882 0.048692 0.056504 0.064340 0.072172
0.811131 0.001332 0.002670 0.004010 0.005241 0.006472 0.007710 0.008949 0.010426 0.011934 0.013441
0.869749 0.000120 0.000241 0.000362 0.000473 0.000585 0.000697 0.000809 0.000947 0.001088 0.001230
0.932603 0.000003 0.000006 0.000010 0.000013 0.000016 0.000019 0.000022 0.000026 0.000030 0.000034
