# r H2m=1 H2m=2 H2m=3 H2m=4 H2m=5 H2m=6 H2m=7
0.001000 5.812895 5.292074 2.745491 2.208853 3.167583 0.693147 nan
0.001070 5.744596 5.211135 2.623953 1.886012 2.314281 0.753772 nan
0.001145 5.676231 5.122576 2.444152 1.512297 1.439093 0.984853 nan
0.001226 5.608107 5.040736 2.316084 1.314983 1.081006 1.047581 nan
0.001312 5.540164 4.964803 2.197632 1.207402 0.904096 1.054161 2.442347
0.001404 5.472224 4.886223 2.109483 1.142194 0.902747 1.076438 1.845827
0.001503 5.404152 4.810184 2.036912 1.112727 0.933857 1.068334 1.583462
0.001608 5.336300 4.734580 1.980144 1.111506 0.938916 0.990284 1.231001
0.001721 5.268271 4.666428 1.926858 1.071457 0.947965 0.921070 1.007120
0.001842 5.200437 4.605148 1.882682 1.027254 0.919454 0.812796 0.808832
0.001972 5.132648 4.544333 1.837695 0.970519 0.870992 0.734910 0.655625
0.002110 5.064686 4.477251 1.797656 0.933141 0.819680 0.687745 0.657165
0.002258 4.996594 4.412522 1.764767 0.914344 0.793910 0.674016 0.648508
0.002417 4.928815 4.346661 1.733644 0.892462 0.773162 0.643389 0.646072
0.002587 4.860974 4.283473 1.696732 0.883944 0.757125 0.610708 0.611480
0.002769 4.793146 4.217059 1.677003 0.872062 0.721853 0.561844 0.569052
0.002963 4.725355 4.155172 1.657283 0.871661 0.699813 0.527653 0.534932
0.003171 4.657344 4.092419 1.637349 0.877368 0.697685 0.517437 0.518782
0.003394 4.589396 4.031577 1.626191 0.879798 0.696568 0.516324 0.509041
0.003632 4.521541 3.971794 1.615610 0.885577 0.689100 0.513300 0.492919
0.003888 4.453773 3.912365 1.609995 0.891979 0.678839 0.518905 0.491225
0.004161 4.385903 3.852823 1.602533 0.904797 0.671502 0.525204 0.476476
0.004453 4.318034 3.793780 1.594541 0.923198 0.670741 0.533955 0.469265
0.004766 4.250249 3.733406 1.583673 0.936377 0.674402 0.546188 0.473734
0.005101 4.182288 3.671910 1.575515 0.941554 0.671532 0.551815 0.487873
0.005459 4.114328 3.611004 1.565645 0.951256 0.673387 0.561414 0.500646
0.005842 4.046379 3.549239 1.556877 0.957190 0.670654 0.563581 0.497589
0.006253 3.978547 3.487891 1.547566 0.963499 0.675867 0.565161 0.497251
0.006692 3.910644 3.424912 1.537191 0.973286 0.686026 0.572763 0.505791
0.007162 3.842701 3.361347 1.526289 0.977540 0.693165 0.579813 0.507008
0.007665 3.774793 3.297658 1.514559 0.980175 0.700367 0.588854 0.510015
0.008204 3.706824 3.233404 1.503076 0.987856 0.715276 0.599360 0.522348
0.008780 3.638932 3.169093 1.488298 0.993396 0.728487 0.602021 0.529532
0.009397 3.570963 3.104494 1.471619 0.995659 0.734690 0.604824 0.536632
0.010057 3.503019 3.040330 1.451960 0.994721 0.742099 0.612653 0.541241
0.010763 3.435074 2.977074 1.435522 0.994308 0.750274 0.613800 0.540625
0.011519 3.367216 2.913653 1.417263 0.992762 0.760021 0.620044 0.544798
0.012329 3.299308 2.850736 1.400214 0.991179 0.765335 0.620537 0.544913
0.013195 3.231424 2.787530 1.383432 0.987487 0.770854 0.619177 0.541175
0.014122 3.163549 2.725044 1.365510 0.982617 0.774819 0.619991 0.545252
0.015114 3.095663 2.662585 1.347915 0.978639 0.779308 0.622700 0.547197
0.016175 3.027850 2.600663 1.330938 0.973640 0.782933 0.623006 0.549704
0.017312 2.960044 2.539063 1.314582 0.967407 0.783939 0.623940 0.553553
0.018528 2.892306 2.477674 1.296873 0.961621 0.785990 0.628428 0.559503
0.019829 2.824561 2.416324 1.278867 0.953948 0.782978 0.626976 0.565317
0.021222 2.756875 2.355289 1.262223 0.947762 0.781124 0.626285 0.567867
0.022713 2.689210 2.294430 1.246038 0.941832 0.780082 0.628052 0.571534
0.024308 2.621544 2.233756 1.229626 0.934381 0.777468 0.628959 0.576252
0.026016 2.553953 2.173387 1.213399 0.927782 0.774699 0.629217 0.579600
0.027844 2.486435 2.113125 1.196482 0.920203 0.770856 0.631519 0.583774
0.029800 2.418926 2.053150 1.179594 0.912668 0.766276 0.631112 0.586131
0.031893 2.351516 1.993783 1.162663 0.904485 0.760016 0.630970 0.588727
0.034133 2.284209 1.934784 1.144862 0.895321 0.753058 0.628930 0.589956
0.036531 2.217000 1.876120 1.126612 0.885515 0.745034 0.626046 0.592807
0.039097 2.149841 1.817533 1.108276 0.875286 0.736062 0.622347 0.594559
0.041844 2.082778 1.759156 1.089739 0.865332 0.727746 0.620249 0.595225
0.044783 2.015830 1.701140 1.070728 0.854723 0.719321 0.617733 0.595539
0.047929 1.949072 1.643713 1.051403 0.843719 0.710787 0.614504 0.593562
0.051296 1.882482 1.586612 1.031212 0.832006 0.701941 0.610981 0.590511
0.054899 1.816037 1.529797 1.009567 0.819395 0.692597 0.605861 0.584747
0.058756 1.749791 1.473334 0.986967 0.806703 0.682816 0.599566 0.578390
0.062883 1.683836 1.417464 0.963275 0.794347 0.672590 0.592510 0.572311
0.067301 1.618138 1.362271 0.939074 0.781667 0.660866 0.582130 0.563542
0.072029 1.552714 1.307581 0.914013 0.768762 0.647847 0.568540 0.553379
0.077088 1.487688 1.253625 0.888243 0.755723 0.635282 0.554599 0.545107
0.082504 1.423036 1.200264 0.862207 0.742323 0.621365 0.539629 0.536161
0.088299 1.358820 1.147464 0.835851 0.728323 0.606231 0.523582 0.524298
0.094502 1.295086 1.095252 0.809356 0.713230 0.590662 0.507018 0.509627
0.101141 1.231855 1.043647 0.782307 0.696262 0.575317 0.489925 0.493171
0.108245 1.169234 0.992908 0.754664 0.677352 0.559675 0.471951 0.475809
0.115849 1.107273 0.943045 0.726224 0.657582 0.543826 0.453999 0.458591
0.123988 1.046046 0.894244 0.697190 0.636933 0.528122 0.436532 0.441667
0.132697 0.985623 0.846563 0.667670 0.615011 0.512272 0.418864 0.423758
0.142019 0.926100 0.800084 0.637710 0.591554 0.495806 0.400871 0.406048
0.151996 0.867552 0.754829 0.607092 0.566383 0.479657 0.383295 0.388232
0.162673 0.810051 0.710718 0.575787 0.540245 0.463641 0.366384 0.370260
0.174100 0.753654 0.667724 0.543836 0.513201 0.447554 0.350311 0.352825
0.186330 0.698391 0.625724 0.511596 0.485364 0.431068 0.334634 0.336050
0.199419 0.644337 0.584671 0.479493 0.456817 0.413392 0.318941 0.319550
0.213428 0.591524 0.544417 0.447856 0.427733 0.393444 0.303141 0.302727
0.228421 0.539994 0.504847 0.416839 0.398164 0.371117 0.287243 0.285536
0.244467 0.489754 0.465806 0.386554 0.368451 0.346827 0.270984 0.268089
0.261640 0.440808 0.427144 0.356992 0.339282 0.321339 0.254017 0.250373
0.280020 0.393178 0.388721 0.328068 0.311182 0.295612 0.236135 0.232590
0.299691 0.346852 0.350275 0.299372 0.284108 0.270166 0.217976 0.215105
0.320743 0.301819 0.311468 0.270232 0.257567 0.245055 0.199991 0.197950
0.343274 0.258180 0.272007 0.240020 0.230769 0.219848 0.182472 0.181141
0.367389 0.216189 0.231880 0.208396 0.202688 0.194026 0.164950 0.164246
0.393197 0.176247 0.191498 0.175409 0.172587 0.166953 0.146243 0.146205
0.420818 0.138923 0.151635 0.141778 0.141274 0.138415 0.125367 0.125656
0.450379 0.104899 0.113414 0.108645 0.109313 0.108391 0.102013 0.102692
0.482017 0.074987 0.079567 0.078581 0.079439 0.080001 0.078017 0.078859
0.515877 0.049988 0.052122 0.052435 0.052658 0.054006 0.053932 0.054460
0.552117 0.030422 0.031338 0.031833 0.031501 0.032982 0.033277 0.033493
0.590901 0.016325 0.016657 0.016998 0.016480 0.017648 0.017853 0.017914
0.632411 0.007403 0.007492 0.007595 0.007214 0.007918 0.008024 0.008046
0.676836 0.002619 0.002634 0.002663 0.002482 0.002814 0.002863 0.002867
0.724382 0.000620 0.000620 0.000623 0.000569 0.000678 0.000693 0.000694
0.775268 0.000066 0.000066 0.000066 0.000063 0.000084 0.000086 0.000086
0.829728 -0.000000 0.000000 0.000000 0.000000 0.000000 0.000000 0.000000
