# r D2m=2 D2m=3 D2m=4 D2m=5 D2m=6 D2m=7 D2m=8 D2m=9 D2m=10
0.001036 2.054066 2.962491 2.318231 3.329716 nan nan nan nan nan 0.000000 0.000000 0.000000 0.000000 0.000000 0.000000 0.000000 0.000000 0.000000 0.000000 0.000000 0.000000 0.000000 0.000000 0.000000 0.000000 0.000000 0.000000
0.001110 1.939840 3.159982 2.859025 1.957362 inf nan nan nan nan 0.000000 0.000000 0.000000 0.000000 0.000000 0.000000 0.000000 0.000000 0.000000 0.000000 0.000000 0.000000 0.000000 0.000000 0.000000 0.000000 0.000000 0.000000
0.001191 1.967436 3.044820 4.973885 3.618698 23.066010 nan nan nan nan 0.000000 0.000000 0.000000 0.000000 0.000000 0.000000 0.000000 0.000000 0.000000 0.000000 0.000000 0.000000 0.000000 0.000000 0.000000 0.000000 0.000000 0.000000
0.001277 2.015058 2.746300 5.702847 2.886719 0.000000 nan nan nan nan 0.000000 0.000000 0.000000 0.000000 0.000000 0.000000 0.000000 0.000000 0.000000 0.000000 0.000000 0.000000 0.000000 0.000000 0.000000 0.000000 0.000000 0.000000
0.001369 1.931342 2.598229 4.431777 5.351833 8.423993 nan nan nan nan 0.000000 0.000000 0.000000 0.000000 0.000000 0.000000 0.000000 0.000000 0.000000 0.000000 0.000000 0.000000 0.000000 0.000000 0.000000 0.000000 0.000000 0.000000
0.001468 1.974394 2.359217 3.976122 7.895922 19.048801 inf nan nan nan 0.000000 0.000000 0.000000 0.000000 0.000000 0.000000 0.000000 0.000000 0.000000 0.000000 0.000000 0.000000 0.000000 0.000000 0.000000 0.000000 0.000000 0.000000
0.001574 1.971922 2.329019 3.044229 5.565577 14.266194 34.365959 inf nan nan 0.000000 0.000000 0.000000 0.000000 0.000000 0.000000 0.000000 0.000000 0.000000 0.000000 0.000000 0.000000 0.000000 0.000000 0.000000 0.000000 0.000000 0.000000
0.001688 1.997381 2.300547 3.345389 4.233298 9.215257 13.132020 27.888235 nan nan 0.000000 0.000000 0.000000 0.000000 0.000000 0.000000 0.000000 0.000000 0.000000 0.000000 0.000000 0.000000 0.000000 0.000000 0.000000 0.000000 0.000000 0.000000
0.001810 1.978899 2.129067 2.705050 3.942457 7.139696 7.832910 8.871895 inf nan 0.000000 0.000000 0.000000 0.000000 0.000000 0.000000 0.000000 0.000000 0.000000 0.000000 0.000000 0.000000 0.000000 0.000000 0.000000 0.000000 0.000000 0.000000
0.001940 1.952016 2.100014 2.086763 3.417286 4.779508 7.016067 12.909819 27.044950 inf 0.000000 0.000000 0.000000 0.000000 0.000000 0.000000 0.000000 0.000000 0.000000 0.000000 0.000000 0.000000 0.000000 0.000000 0.000000 0.000000 0.000000 0.000000
0.002081 1.989195 2.289986 2.198037 3.530674 4.725130 6.266025 5.811012 7.832910 14.235004 0.000000 0.000000 0.000000 0.000000 0.000000 0.000000 0.000000 0.000000 0.000000 0.000000 0.000000 0.000000 0.000000 0.000000 0.000000 0.000000 0.000000 0.000000
0.002231 1.992987 2.164398 2.118515 2.590286 4.250599 5.283902 6.585888 4.122978 5.270128 0.000000 0.000000 0.000000 0.000000 0.000000 0.000000 0.000000 0.000000 0.000000 0.000000 0.000000 0.000000 0.000000 0.000000 0.000000 0.000000 0.000000 0.000000
0.002392 1.880812 2.082412 2.407293 2.995216 4.340488 5.206445 5.102333 3.496619 3.844684 0.000000 0.000000 0.000000 0.000000 0.000000 0.000000 0.000000 0.000000 0.000000 0.000000 0.000000 0.000000 0.000000 0.000000 0.000000 0.000000 0.000000 0.000000
0.002565 1.916533 1.888322 2.445130 3.033687 4.151107 5.589109 6.851074 6.055169 3.476325 0.000000 0.000000 0.000000 0.000000 0.000000 0.000000 0.000000 0.000000 0.000000 0.000000 0.000000 0.000000 0.000000 0.000000 0.000000 0.000000 0.000000 0.000000
0.002750 1.896862 1.808513 1.818539 1.953448 2.577811 4.186039 7.139696 9.340869 5.438738 0.000000 0.000000 0.000000 0.000000 0.000000 0.000000 0.000000 0.000000 0.000000 0.000000 0.000000 0.000000 0.000000 0.000000 0.000000 0.000000 0.000000 0.000000
0.002949 1.910059 1.802934 1.686128 1.699596 2.520247 2.812453 4.509599 7.097230 8.507560 0.000000 0.000000 0.000000 0.000000 0.000000 0.000000 0.000000 0.000000 0.000000 0.000000 0.000000 0.000000 0.000000 0.000000 0.000000 0.000000 0.000000 0.000000
0.003162 1.925353 1.913097 1.702631 1.742721 1.670794 1.802925 2.387184 3.906062 7.828524 0.000000 0.000000 0.000000 0.000000 0.000000 0.000000 0.000000 0.000000 0.000000 0.000000 0.000000 0.000000 0.000000 0.000000 0.000000 0.000000 0.000000 0.000000
0.003391 1.862949 1.981926 1.553576 1.442975 1.377304 1.306527 0.908600 1.168750 2.836420 0.000000 0.000000 0.000000 0.000000 0.000000 0.000000 0.000000 0.000000 0.000000 0.000000 0.000000 0.000000 0.000000 0.000000 0.000000 0.000000 0.000000 0.000000
0.003636 1.914825 2.006262 1.683648 1.414671 1.419580 1.503272 1.243414 0.959979 1.466381 0.000000 0.000000 0.000000 0.000000 0.000000 0.000000 0.000000 0.000000 0.000000 0.000000 0.000000 0.000000 0.000000 0.000000 0.000000 0.000000 0.000000 0.000000
0.003899 1.908470 2.065285 1.973835 1.814174 1.662181 1.594510 1.553601 1.566405 1.747476 0.000000 0.000000 0.000000 0.000000 0.000000 0.000000 0.000000 0.000000 0.000000 0.000000 0.000000 0.000000 0.000000 0.000000 0.000000 0.000000 0.000000 0.000000
0.004180 1.909232 2.028834 2.034643 2.028701 2.121634 2.552234 2.499733 2.193725 2.141289 0.000000 0.000000 0.000000 0.000000 0.000000 0.000000 0.000000 0.000000 0.000000 0.000000 0.000000 0.000000 0.000000 0.000000 0.000000 0.000000 0.000000 0.000000
0.004482 1.925222 2.015179 1.947112 1.863416 2.104476 2.337268 2.170724 2.422809 2.540139 0.000000 0.000000 0.000000 0.000000 0.000000 0.000000 0.000000 0.000000 0.000000 0.000000 0.000000 0.000000 0.000000 0.000000 0.000000 0.000000 0.000000 0.000000
0.004806 1.938575 2.040649 1.922639 1.451696 1.382895 1.616333 2.292270 2.628271 3.540781 0.000000 0.000000 0.000000 0.000000 0.000000 0.000000 0.000000 0.000000 0.000000 0.000000 0.000000 0.000000 0.000000 0.000000 0.000000 0.000000 0.000000 0.000000
0.005154 1.952119 2.144967 1.987442 1.589323 1.204373 1.291596 1.284714 1.898718 2.421570 0.000000 0.000000 0.000000 0.000000 0.000000 0.000000 0.000000 0.000000 0.000000 0.000000 0.000000 0.000000 0.000000 0.000000 0.000000 0.000000 0.000000 0.000000
0.005526 1.954865 2.106404 2.156940 1.777989 1.360789 1.064340 1.325832 1.752689 1.913734 0.000000 0.000000 0.000000 0.000000 0.000000 0.000000 0.000000 0.000000 0.000000 0.000000 0.000000 0.000000 0.000000 0.000000 0.000000 0.000000 0.000000 0.000000
0.005926 1.940508 2.080598 2.082189 1.818549 1.329791 0.967365 1.308281 1.898921 2.529311 0.000000 0.000000 0.000000 0.000000 0.000000 0.000000 0.000000 0.000000 0.000000 0.000000 0.000000 0.000000 0.000000 0.000000 0.000000 0.000000 0.000000 0.000000
0.006354 1.951381 2.069570 1.979850 1.950450 1.487656 0.884208 0.741788 0.834814 1.428057 0.000000 0.000000 0.000000 0.000000 0.000000 0.000000 0.000000 0.000000 0.000000 0.000000 0.000000 0.000000 0.000000 0.000000 0.000000 0.000000 0.000000 0.000000
0.006813 1.977401 2.110558 1.959736 1.924425 1.667648 0.860446 0.815367 0.907460 1.133305 0.000000 0.000000 0.000000 0.000000 0.000000 0.000000 0.000000 0.000000 0.000000 0.000000 0.000000 0.000000 0.000000 0.000000 0.000000 0.000000 0.000000 0.000000
0.007305 1.970061 2.116114 2.051213 1.956595 1.949018 1.377562 0.823332 0.585049 0.693969 0.000000 0.000000 0.000000 0.000000 0.000000 0.000000 0.000000 0.000000 0.000000 0.000000 0.000000 0.000000 0.000000 0.000000 0.000000 0.000000 0.000000 0.000000
0.007833 1.985232 2.115527 2.106211 2.027588 1.958397 1.781074 1.174278 0.915101 0.728961 0.000000 0.000000 0.000000 0.000000 0.000000 0.000000 0.000000 0.000000 0.000000 0.000000 0.000000 0.000000 0.000000 0.000000 0.000000 0.000000 0.000000 0.000000
0.008399 1.961536 2.167674 2.041570 2.031164 1.918847 1.734405 1.324506 1.081078 0.773116 0.000000 0.000000 0.000000 0.000000 0.000000 0.000000 0.000000 0.000000 0.000000 0.000000 0.000000 0.000000 0.000000 0.000000 0.000000 0.000000 0.000000 0.000000
0.009006 1.960611 2.132020 2.135136 2.097956 2.108729 1.886421 1.893458 1.492449 1.258242 0.000000 0.000000 0.000000 0.000000 0.000000 0.000000 0.000000 0.000000 0.000000 0.000000 0.000000 0.000000 0.000000 0.000000 0.000000 0.000000 0.000000 0.000000
0.009657 1.956018 2.119824 2.070647 2.010947 2.088281 2.226129 2.040484 1.798450 1.552747 0.000000 0.000000 0.000000 0.000000 0.000000 0.000000 0.000000 0.000000 0.000000 0.000000 0.000000 0.000000 0.000000 0.000000 0.000000 0.000000 0.000000 0.000000
0.010355 1.945398 2.121634 2.119440 1.977851 2.010938 2.035409 2.429029 2.360288 1.894187 0.000000 0.000000 0.000000 0.000000 0.000000 0.000000 0.000000 0.000000 0.000000 0.000000 0.000000 0.000000 0.000000 0.000000 0.000000 0.000000 0.000000 0.000000
0.011103 1.958034 2.142807 2.090368 2.004241 1.991627 1.933486 1.839678 2.125075 2.572988 0.000000 0.000000 0.000000 0.000000 0.000000 0.000000 0.000000 0.000000 0.000000 0.000000 0.000000 0.000000 0.000000 0.000000 0.000000 0.000000 0.000000 0.000000
0.011906 1.956463 2.136309 2.046835 2.013759 2.133715 1.883172 1.689768 1.959056 2.391971 0.000000 0.000000 0.000000 0.000000 0.000000 0.000000 0.000000 0.000000 0.000000 0.000000 0.000000 0.000000 0.000000 0.000000 0.000000 0.000000 0.000000 0.000000
0.012766 1.946979 2.110822 2.030321 1.953009 1.835861 1.841810 1.580797 1.477173 1.547472 0.000000 0.000000 0.000000 0.000000 0.000000 0.000000 0.000000 0.000000 0.000000 0.000000 0.000000 0.000000 0.000000 0.000000 0.000000 0.000000 0.000000 0.000000
0.013689 1.946361 2.098826 2.061380 1.972227 1.866595 1.876557 1.410760 1.224447 1.324081 0.000000 0.000000 0.000000 0.000000 0.000000 0.000000 0.000000 0.000000 0.000000 0.000000 0.000000 0.000000 0.000000 0.000000 0.000000 0.000000 0.000000 0.000000
0.014678 1.941312 2.107131 2.062014 1.992884 1.910187 1.845359 1.660295 1.322379 1.080952 0.000000 0.000000 0.000000 0.000000 0.000000 0.000000 0.000000 0.000000 0.000000 0.000000 0.000000 0.000000 0.000000 0.000000 0.000000 0.000000 0.000000 0.000000
0.015739 1.934698 2.085676 2.081011 1.974127 1.940556 1.995881 1.870140 1.529079 1.296191 0.000000 0.000000 0.000000 0.000000 0.000000 0.000000 0.000000 0.000000 0.000000 0.000000 0.000000 0.000000 0.000000 0.000000 0.000000 0.000000 0.000000 0.000000
0.016876 1.921374 2.089977 2.034341 1.963385 1.915066 1.893409 1.910590 1.698298 1.494322 0.000000 0.000000 0.000000 0.000000 0.000000 0.000000 0.000000 0.000000 0.000000 0.000000 0.000000 0.000000 0.000000 0.000000 0.000000 0.000000 0.000000 0.000000
0.018096 1.915187 2.094467 2.051220 1.961860 1.925589 1.856274 1.709054 1.608331 1.435448 0.000000 0.000000 0.000000 0.000000 0.000000 0.000000 0.000000 0.000000 0.000000 0.000000 0.000000 0.000000 0.000000 0.000000 0.000000 0.000000 0.000000 0.000000
0.019403 1.905341 2.074529 2.049413 1.968884 1.859462 1.893290 1.756801 1.614137 1.568709 0.000000 0.000000 0.000000 0.000000 0.000000 0.000000 0.000000 0.000000 0.000000 0.000000 0.000000 0.000000 0.000000 0.000000 0.000000 0.000000 0.000000 0.000000
0.020806 1.900351 2.093256 2.050532 2.016750 1.916131 1.828603 1.698977 1.479594 1.248044 0.000000 0.000000 0.000000 0.000000 0.000000 0.000000 0.000000 0.000000 0.000000 0.000000 0.000000 0.000000 0.000000 0.000000 0.000000 0.000000 0.000000 0.000000
0.022309 1.902324 2.090603 2.079193 2.028088 1.961206 1.789338 1.769261 1.548318 1.388082 0.000000 0.000000 0.000000 0.000000 0.000000 0.000000 0.000000 0.000000 0.000000 0.000000 0.000000 0.000000 0.000000 0.000000 0.000000 0.000000 0.000000 0.000000
0.023921 1.898374 2.085869 2.080734 2.026373 2.052558 1.841651 1.705363 1.474644 1.370905 0.000000 0.000000 0.000000 0.000000 0.000000 0.000000 0.000000 0.000000 0.000000 0.000000 0.000000 0.000000 0.000000 0.000000 0.000000 0.000000 0.000000 0.000000
0.025650 1.889286 2.077003 2.073822 1.997393 1.980275 2.056005 1.856316 1.592820 1.300624 0.000000 0.000000 0.000000 0.000000 0.000000 0.000000 0.000000 0.000000 0.000000 0.000000 0.000000 0.000000 0.000000 0.000000 0.000000 0.000000 0.000000 0.000000
0.027504 1.873717 2.080158 2.088201 2.013872 1.951294 1.984451 1.979471 1.848991 1.641070 0.000000 0.000000 0.000000 0.000000 0.000000 0.000000 0.000000 0.000000 0.000000 0.000000 0.000000 0.000000 0.000000 0.000000 0.000000 0.000000 0.000000 0.000000
0.029492 1.861299 2.062038 2.069516 1.994072 1.939933 1.911412 1.845120 1.750834 1.633811 0.000000 0.000000 0.000000 0.000000 0.000000 0.000000 0.000000 0.000000 0.000000 0.000000 0.000000 0.000000 0.000000 0.000000 0.000000 0.000000 0.000000 0.000000
0.031623 1.852054 2.050628 2.063516 2.001335 1.974976 1.968772 1.865427 1.617877 1.416710 0.000000 0.000000 0.000000 0.000000 0.000000 0.000000 0.000000 0.000000 0.000000 0.000000 0.000000 0.000000 0.000000 0.000000 0.000000 0.000000 0.000000 0.000000
0.033908 1.842471 2.030551 2.048216 1.977533 1.997655 1.980698 1.948782 1.753503 1.651817 0.000000 0.000000 0.000000 0.000000 0.000000 0.000000 0.000000 0.000000 0.000000 0.000000 0.000000 0.000000 0.000000 0.000000 0.000000 0.000000 0.000000 0.000000
0.036359 1.838734 2.022708 2.033777 1.960388 1.989017 1.942745 1.938597 1.801675 1.500566 0.000000 0.000000 0.000000 0.000000 0.000000 0.000000 0.000000 0.000000 0.000000 0.000000 0.000000 0.000000 0.000000 0.000000 0.000000 0.000000 0.000000 0.000000
0.038986 1.828036 2.008241 2.028284 1.983577 1.989696 1.999983 2.035863 1.826173 1.553691 0.000000 0.000000 0.000000 0.000000 0.000000 0.000000 0.000000 0.000000 0.000000 0.000000 0.000000 0.000000 0.000000 0.000000 0.000000 0.000000 0.000000 0.000000
0.041803 1.827443 1.999086 2.033245 1.975138 1.970691 1.946235 2.050379 1.865707 1.870173 0.000000 0.000000 0.000000 0.000000 0.000000 0.000000 0.000000 0.000000 0.000000 0.000000 0.000000 0.000000 0.000000 0.000000 0.000000 0.000000 0.000000 0.000000
0.044824 1.820098 1.979186 2.030133 1.998750 2.020324 1.889385 1.951828 1.839062 1.612755 0.000000 0.000000 0.000000 0.000000 0.000000 0.000000 0.000000 0.000000 0.000000 0.000000 0.000000 0.000000 0.000000 0.000000 0.000000 0.000000 0.000000 0.000000
0.048064 1.814694 1.967447 2.013642 2.011521 2.012609 1.893839 1.944430 1.884576 1.706788 0.000000 0.000000 0.000000 0.000000 0.000000 0.000000 0.000000 0.000000 0.000000 0.000000 0.000000 0.000000 0.000000 0.000000 0.000000 0.000000 0.000000 0.000000
0.051537 1.808380 1.950952 2.022257 2.013620 2.025869 1.925280 1.876150 1.842592 1.634155 0.000000 0.000000 0.000000 0.000000 0.000000 0.000000 0.000000 0.000000 0.000000 0.000000 0.000000 0.000000 0.000000 0.000000 0.000000 0.000000 0.000000 0.000000
0.055262 1.803323 1.923282 2.004641 2.016393 2.020566 1.969648 1.873539 1.796931 1.680801 0.000000 0.000000 0.000000 0.000000 0.000000 0.000000 0.000000 0.000000 0.000000 0.000000 0.000000 0.000000 0.000000 0.000000 0.000000 0.000000 0.000000 0.000000
0.059255 1.800695 1.899555 1.975677 1.995273 1.998669 1.972055 1.886340 1.875979 1.750579 0.000000 0.000000 0.000000 0.000000 0.000000 0.000000 0.000000 0.000000 0.000000 0.000000 0.000000 0.000000 0.000000 0.000000 0.000000 0.000000 0.000000 0.000000
0.063538 1.794852 1.876311 1.974764 1.978587 1.979624 1.954002 1.918349 1.896776 1.811384 0.000000 0.000000 0.000000 0.000000 0.000000 0.000000 0.000000 0.000000 0.000000 0.000000 0.000000 0.000000 0.000000 0.000000 0.000000 0.000000 0.000000 0.000000
0.068129 1.787054 1.858001 1.956269 1.977427 1.991066 1.938570 1.879299 1.863946 1.852687 0.000000 0.000000 0.000000 0.000000 0.000000 0.000000 0.000000 0.000000 0.000000 0.000000 0.000000 0.000000 0.000000 0.000000 0.000000 0.000000 0.000000 0.000000
0.073053 1.776189 1.846570 1.945919 1.994046 2.034976 1.970644 1.906047 1.867839 1.863235 0.000000 0.000000 0.000000 0.000000 0.000000 0.000000 0.000000 0.000000 0.000000 0.000000 0.000000 0.000000 0.000000 0.000000 0.000000 0.000000 0.000000 0.000000
0.078332 1.769012 1.846328 1.932097 1.981416 2.037976 2.003724 1.943900 1.896843 1.828116 0.000000 0.000000 0.000000 0.000000 0.000000 0.000000 0.000000 0.000000 0.000000 0.000000 0.000000 0.000000 0.000000 0.000000 0.000000 0.000000 0.000000 0.000000
0.083993 1.755644 1.846072 1.930754 1.963805 2.012598 2.051335 1.972193 1.938427 1.886267 0.000000 0.000000 0.000000 0.000000 0.000000 0.000000 0.000000 0.000000 0.000000 0.000000 0.000000 0.000000 0.000000 0.000000 0.000000 0.000000 0.000000 0.000000
0.090063 1.743905 1.850938 1.917167 1.961568 1.990101 2.052469 1.956221 1.917708 1.891728 0.000000 0.000000 0.000000 0.000000 0.000000 0.000000 0.000000 0.000000 0.000000 0.000000 0.000000 0.000000 0.000000 0.000000 0.000000 0.000000 0.000000 0.000000
0.096571 1.731935 1.874027 1.928573 1.968142 1.997712 2.086873 2.006058 1.933853 1.921103 0.000000 0.000000 0.000000 0.000000 0.000000 0.000000 0.000000 0.000000 0.000000 0.000000 0.000000 0.000000 0.000000 0.000000 0.000000 0.000000 0.000000 0.000000
0.103550 1.716166 1.913572 1.960102 1.980462 1.998905 2.049780 2.008055 1.968125 1.968329 0.000000 0.000000 0.000000 0.000000 0.000000 0.000000 0.000000 0.000000 0.000000 0.000000 0.000000 0.000000 0.000000 0.000000 0.000000 0.000000 0.000000 0.000000
0.111034 1.699505 1.978403 2.035240 2.021862 2.058932 2.065938 2.049997 1.978172 1.949003 0.000000 0.000000 0.000000 0.000000 0.000000 0.000000 0.000000 0.000000 0.000000 0.000000 0.000000 0.000000 0.000000 0.000000 0.000000 0.000000 0.000000 0.000000
0.119058 1.682913 2.035517 2.140517 2.148035 2.190410 2.206820 2.225474 2.068302 2.053818 0.000000 0.000000 0.000000 0.000000 0.000000 0.000000 0.000000 0.000000 0.000000 0.000000 0.000000 0.000000 0.000000 0.000000 0.000000 0.000000 0.000000 0.000000
0.127662 1.662592 2.071271 2.213970 2.238625 2.322590 2.370200 2.401082 2.281686 2.185539 0.000000 0.000000 0.000000 0.000000 0.000000 0.000000 0.000000 0.000000 0.000000 0.000000 0.000000 0.000000 0.000000 0.000000 0.000000 0.000000 0.000000 0.000000
0.136887 1.646755 2.113639 2.285196 2.346033 2.387349 2.399336 2.403703 2.331530 2.245409 0.000000 0.000000 0.000000 0.000000 0.000000 0.000000 0.000000 0.000000 0.000000 0.000000 0.000000 0.000000 0.000000 0.000000 0.000000 0.000000 0.000000 0.000000
0.146780 1.623558 2.129607 2.337111 2.467538 2.528444 2.509458 2.423518 2.403584 2.335462 0.000000 0.000000 0.000000 0.000000 0.000000 0.000000 0.000000 0.000000 0.000000 0.000000 0.000000 0.000000 0.000000 0.000000 0.000000 0.000000 0.000000 0.000000
0.157387 1.600786 2.140167 2.380502 2.533519 2.642974 2.654595 2.556829 2.448222 2.398203 0.000000 0.000000 0.000000 0.000000 0.000000 0.000000 0.000000 0.000000 0.000000 0.000000 0.000000 0.000000 0.000000 0.000000 0.000000 0.000000 0.000000 0.000000
0.168761 1.577773 2.155757 2.414169 2.596742 2.746080 2.822289 2.723931 2.602012 2.571791 0.000000 0.000000 0.000000 0.000000 0.000000 0.000000 0.000000 0.000000 0.000000 0.000000 0.000000 0.000000 0.000000 0.000000 0.000000 0.000000 0.000000 0.000000
0.180957 1.550697 2.200069 2.499697 2.712210 2.882264 3.065310 3.030342 2.938129 2.981022 0.000000 0.000000 0.000000 0.000000 0.000000 0.000000 0.000000 0.000000 0.000000 0.000000 0.000000 0.000000 0.000000 0.000000 0.000000 0.000000 0.000000 0.000000
0.194034 1.524977 2.221203 2.585306 2.819806 2.992896 3.254791 3.313280 3.185269 3.133703 0.000000 0.000000 0.000000 0.000000 0.000000 0.000000 0.000000 0.000000 0.000000 0.000000 0.000000 0.000000 0.000000 0.000000 0.000000 0.000000 0.000000 0.000000
0.208057 1.499114 2.205704 2.657301 2.915900 3.098201 3.358711 3.484256 3.362830 3.161064 0.000000 0.000000 0.000000 0.000000 0.000000 0.000000 0.000000 0.000000 0.000000 0.000000 0.000000 0.000000 0.000000 0.000000 0.000000 0.000000 0.000000 0.000000
0.223092 1.476978 2.172826 2.669034 2.945125 3.140215 3.345253 3.519709 3.444354 3.298528 0.000000 0.000000 0.000000 0.000000 0.000000 0.000000 0.000000 0.000000 0.000000 0.000000 0.000000 0.000000 0.000000 0.000000 0.000000 0.000000 0.000000 0.000000
0.239215 1.456559 2.154547 2.689016 3.020833 3.220025 3.414098 3.663388 3.673633 3.523844 0.000000 0.000000 0.000000 0.000000 0.000000 0.000000 0.000000 0.000000 0.000000 0.000000 0.000000 0.000000 0.000000 0.000000 0.000000 0.000000 0.000000 0.000000
0.256502 1.434682 2.140497 2.658605 3.084071 3.330664 3.550278 3.819350 3.965230 3.804612 0.000000 0.000000 0.000000 0.000000 0.000000 0.000000 0.000000 0.000000 0.000000 0.000000 0.000000 0.000000 0.000000 0.000000 0.000000 0.000000 0.000000 0.000000
0.275039 1.411239 2.121861 2.641884 3.089243 3.375210 3.621904 3.926634 4.178760 4.259917 0.000000 0.000000 0.000000 0.000000 0.000000 0.000000 0.000000 0.000000 0.000000 0.000000 0.000000 0.000000 0.000000 0.000000 0.000000 0.000000 0.000000 0.000000
0.294915 1.385311 2.087413 2.647655 3.097246 3.403068 3.642482 3.977835 4.311674 4.487919 0.000000 0.000000 0.000000 0.000000 0.000000 0.000000 0.000000 0.000000 0.000000 0.000000 0.000000 0.000000 0.000000 0.000000 0.000000 0.000000 0.000000 0.000000
0.316228 1.356119 2.039526 2.633146 3.109020 3.449054 3.692904 3.988061 4.357805 4.610920 0.000000 0.000000 0.000000 0.000000 0.000000 0.000000 0.000000 0.000000 0.000000 0.000000 0.000000 0.000000 0.000000 0.000000 0.000000 0.000000 0.000000 0.000000
0.339081 1.301423 1.987482 2.608696 3.118652 3.475485 3.739477 4.029178 4.400498 4.706385 0.000000 0.000000 0.000000 0.000000 0.000000 0.000000 0.000000 0.000000 0.000000 0.000000 0.000000 0.000000 0.000000 0.000000 0.000000 0.000000 0.000000 0.000000
0.363585 1.236426 1.922836 2.585538 3.149812 3.507597 3.752511 4.018714 4.394643 4.775028 0.000000 0.000000 0.000000 0.000000 0.000000 0.000000 0.000000 0.000000 0.000000 0.000000 0.000000 0.000000 0.000000 0.000000 0.000000 0.000000 0.000000 0.000000
0.389860 1.179514 1.928531 2.591386 3.153988 3.546686 3.795489 4.048844 4.411766 4.784646 0.000000 0.000000 0.000000 0.000000 0.000000 0.000000 0.000000 0.000000 0.000000 0.000000 0.000000 0.000000 0.000000 0.000000 0.000000 0.000000 0.000000 0.000000
0.418034 1.092324 1.953971 2.712236 3.274254 3.675027 3.917257 4.176530 4.538000 4.888971 0.000000 0.000000 0.000000 0.000000 0.000000 0.000000 0.000000 0.000000 0.000000 0.000000 0.000000 0.000000 0.000000 0.000000 0.000000 0.000000 0.000000 0.000000
0.448245 0.991428 1.860084 2.754585 3.411000 3.807438 4.065518 4.313042 4.657294 5.017767 0.000000 0.000000 0.000000 0.000000 0.000000 0.000000 0.000000 0.000000 0.000000 0.000000 0.000000 0.000000 0.000000 0.000000 0.000000 0.000000 0.000000 0.000000
0.480638 0.849307 1.655222 2.674266 3.514306 3.982099 4.221525 4.427056 4.747549 5.154384 0.000000 0.000000 0.000000 0.000000 0.000000 0.000000 0.000000 0.000000 0.000000 0.000000 0.000000 0.000000 0.000000 0.000000 0.000000 0.000000 0.000000 0.000000
0.515372 0.696619 1.354209 2.430850 3.451605 4.103083 4.423036 4.622120 4.928893 5.308733 0.000000 0.000000 0.000000 0.000000 0.000000 0.000000 0.000000 0.000000 0.000000 0.000000 0.000000 0.000000 0.000000 0.000000 0.000000 0.000000 0.000000 0.000000
0.552617 0.545721 1.101368 2.087468 3.210056 4.040271 4.498241 4.808876 5.136241 5.512117 0.000000 0.000000 0.000000 0.000000 0.000000 0.000000 0.000000 0.000000 0.000000 0.000000 0.000000 0.000000 0.000000 0.000000 0.000000 0.000000 0.000000 0.000000
0.592553 0.434380 0.910699 1.693602 2.786744 3.799304 4.459474 4.951196 5.349854 5.774958 0.000000 0.000000 0.000000 0.000000 0.000000 0.000000 0.000000 0.000000 0.000000 0.000000 0.000000 0.000000 0.000000 0.000000 0.000000 0.000000 0.000000 0.000000
0.635375 0.360097 0.743315 1.346442 2.246424 3.287534 4.162072 4.835642 5.404170 5.934678 0.000000 0.000000 0.000000 0.000000 0.000000 0.000000 0.000000 0.000000 0.000000 0.000000 0.000000 0.000000 0.000000 0.000000 0.000000 0.000000 0.000000 0.000000
0.681292 0.286086 0.594093 1.056935 1.788938 2.689931 3.590895 4.464132 5.221068 5.888844 0.000000 0.000000 0.000000 0.000000 0.000000 0.000000 0.000000 0.000000 0.000000 0.000000 0.000000 0.000000 0.000000 0.000000 0.000000 0.000000 0.000000 0.000000
0.730527 0.184732 0.406495 0.743426 1.324326 2.063941 2.919462 3.821654 4.739564 5.621289 0.000000 0.000000 0.000000 0.000000 0.000000 0.000000 0.000000 0.000000 0.000000 0.000000 0.000000 0.000000 0.000000 0.000000 0.000000 0.000000 0.000000 0.000000
0.783320 0.114775 0.268318 0.495441 0.880281 1.433587 2.146485 2.971344 3.910759 4.926514 0.000000 0.000000 0.000000 0.000000 0.000000 0.000000 0.000000 0.000000 0.000000 0.000000 0.000000 0.000000 0.000000 0.000000 0.000000 0.000000 0.000000 0.000000
0.839929 0.044970 0.137453 0.280367 0.535661 0.957073 1.483295 2.140426 2.952786 3.915272 0.000000 0.000000 0.000000 0.000000 0.000000 0.000000 0.000000 0.000000 0.000000 0.000000 0.000000 0.000000 0.000000 0.000000 0.000000 0.000000 0.000000 0.000000
0.900628 0.014410 0.053621 0.112141 0.230800 0.509439 0.911090 1.412125 2.043147 2.833212 0.000000 0.000000 0.000000 0.000000 0.000000 0.000000 0.000000 0.000000 0.000000 0.000000 0.000000 0.000000 0.000000 0.000000 0.000000 0.000000 0.000000 0.000000
0.965714 0.005021 0.021494 0.045093 0.090197 0.229148 0.489717 0.853017 1.315820 1.900305 0.000000 0.000000 0.000000 0.000000 0.000000 0.000000 0.000000 0.000000 0.000000 0.000000 0.000000 0.000000 0.000000 0.000000 0.000000 0.000000 0.000000 0.000000
