# r D2m=2 D2m=3 D2m=4 D2m=5 D2m=6 D2m=7 D2m=8 D2m=9 D2m=10
0.001036 1.885014 2.209244 inf nan nan nan nan nan nan 0.000000 0.000000 0.000000 0.000000 0.000000 0.000000 0.000000 0.000000 0.000000 0.000000 0.000000 0.000000 0.000000 0.000000 0.000000 0.000000 0.000000 0.000000
0.001110 1.973788 2.209244 0.000000 nan nan nan nan nan nan 0.000000 0.000000 0.000000 0.000000 0.000000 0.000000 0.000000 0.000000 0.000000 0.000000 0.000000 0.000000 0.000000 0.000000 0.000000 0.000000 0.000000 0.000000
0.001191 1.928059 2.902521 0.000000 nan nan nan nan nan nan 0.000000 0.000000 0.000000 0.000000 0.000000 0.000000 0.000000 0.000000 0.000000 0.000000 0.000000 0.000000 0.000000 0.000000 0.000000 0.000000 0.000000 0.000000
0.001277 2.039636 3.005655 0.000000 nan nan nan nan nan nan 0.000000 0.000000 0.000000 0.000000 0.000000 0.000000 0.000000 0.000000 0.000000 0.000000 0.000000 0.000000 0.000000 0.000000 0.000000 0.000000 0.000000 0.000000
0.001369 1.984253 2.645223 0.000000 nan nan nan nan nan nan 0.000000 0.000000 0.000000 0.000000 0.000000 0.000000 0.000000 0.000000 0.000000 0.000000 0.000000 0.000000 0.000000 0.000000 0.000000 0.000000 0.000000 0.000000
0.001468 2.050762 2.773114 0.000000 nan nan nan nan nan nan 0.000000 0.000000 0.000000 0.000000 0.000000 0.000000 0.000000 0.000000 0.000000 0.000000 0.000000 0.000000 0.000000 0.000000 0.000000 0.000000 0.000000 0.000000
0.001574 2.022041 3.091474 9.933990 nan nan nan nan nan nan 0.000000 0.000000 0.000000 0.000000 0.000000 0.000000 0.000000 0.000000 0.000000 0.000000 0.000000 0.000000 0.000000 0.000000 0.000000 0.000000 0.000000 0.000000
0.001688 2.011913 3.069109 0.000000 nan nan nan nan nan nan 0.000000 0.000000 0.000000 0.000000 0.000000 0.000000 0.000000 0.000000 0.000000 0.000000 0.000000 0.000000 0.000000 0.000000 0.000000 0.000000 0.000000 0.000000
0.001810 2.004953 2.741903 0.000000 nan nan nan nan nan nan 0.000000 0.000000 0.000000 0.000000 0.000000 0.000000 0.000000 0.000000 0.000000 0.000000 0.000000 0.000000 0.000000 0.000000 0.000000 0.000000 0.000000 0.000000
0.001940 2.020873 2.481661 5.811012 nan nan nan nan nan nan 0.000000 0.000000 0.000000 0.000000 0.000000 0.000000 0.000000 0.000000 0.000000 0.000000 0.000000 0.000000 0.000000 0.000000 0.000000 0.000000 0.000000 0.000000
0.002081 1.990652 2.572948 0.000000 nan nan nan nan nan nan 0.000000 0.000000 0.000000 0.000000 0.000000 0.000000 0.000000 0.000000 0.000000 0.000000 0.000000 0.000000 0.000000 0.000000 0.000000 0.000000 0.000000 0.000000
0.002231 2.012760 3.177972 4.122978 nan nan nan nan nan nan 0.000000 0.000000 0.000000 0.000000 0.000000 0.000000 0.000000 0.000000 0.000000 0.000000 0.000000 0.000000 0.000000 0.000000 0.000000 0.000000 0.000000 0.000000
0.002392 1.959103 3.349775 3.198030 nan nan nan nan nan nan 0.000000 0.000000 0.000000 0.000000 0.000000 0.000000 0.000000 0.000000 0.000000 0.000000 0.000000 0.000000 0.000000 0.000000 0.000000 0.000000 0.000000 0.000000
0.002565 1.984741 3.356044 2.612981 nan nan nan nan nan nan 0.000000 0.000000 0.000000 0.000000 0.000000 0.000000 0.000000 0.000000 0.000000 0.000000 0.000000 0.000000 0.000000 0.000000 0.000000 0.000000 0.000000 0.000000
0.002750 1.963186 2.923877 4.122978 nan nan nan nan nan nan 0.000000 0.000000 0.000000 0.000000 0.000000 0.000000 0.000000 0.000000 0.000000 0.000000 0.000000 0.000000 0.000000 0.000000 0.000000 0.000000 0.000000 0.000000
0.002949 2.024147 2.870363 5.811012 nan nan nan nan nan nan 0.000000 0.000000 0.000000 0.000000 0.000000 0.000000 0.000000 0.000000 0.000000 0.000000 0.000000 0.000000 0.000000 0.000000 0.000000 0.000000 0.000000 0.000000
0.003162 2.011457 3.042800 2.209244 nan nan nan nan nan nan 0.000000 0.000000 0.000000 0.000000 0.000000 0.000000 0.000000 0.000000 0.000000 0.000000 0.000000 0.000000 0.000000 0.000000 0.000000 0.000000 0.000000 0.000000
0.003391 2.010383 3.012256 5.111765 nan nan nan nan nan nan 0.000000 0.000000 0.000000 0.000000 0.000000 0.000000 0.000000 0.000000 0.000000 0.000000 0.000000 0.000000 0.000000 0.000000 0.000000 0.000000 0.000000 0.000000
0.003636 1.985685 3.120830 2.612981 nan nan nan nan nan nan 0.000000 0.000000 0.000000 0.000000 0.000000 0.000000 0.000000 0.000000 0.000000 0.000000 0.000000 0.000000 0.000000 0.000000 0.000000 0.000000 0.000000 0.000000
0.003899 2.020323 2.976935 5.407274 nan nan nan nan nan nan 0.000000 0.000000 0.000000 0.000000 0.000000 0.000000 0.000000 0.000000 0.000000 0.000000 0.000000 0.000000 0.000000 0.000000 0.000000 0.000000 0.000000 0.000000
0.004180 2.009894 2.727521 4.822225 nan nan nan nan nan nan 0.000000 0.000000 0.000000 0.000000 0.000000 0.000000 0.000000 0.000000 0.000000 0.000000 0.000000 0.000000 0.000000 0.000000 0.000000 0.000000 0.000000 0.000000
0.004482 2.003776 3.217032 2.902521 nan nan nan nan nan nan 0.000000 0.000000 0.000000 0.000000 0.000000 0.000000 0.000000 0.000000 0.000000 0.000000 0.000000 0.000000 0.000000 0.000000 0.000000 0.000000 0.000000 0.000000
0.004806 2.009545 3.034750 5.159458 nan nan nan nan nan nan 0.000000 0.000000 0.000000 0.000000 0.000000 0.000000 0.000000 0.000000 0.000000 0.000000 0.000000 0.000000 0.000000 0.000000 0.000000 0.000000 0.000000 0.000000
0.005154 1.991517 2.988307 3.527510 nan nan nan nan nan nan 0.000000 0.000000 0.000000 0.000000 0.000000 0.000000 0.000000 0.000000 0.000000 0.000000 0.000000 0.000000 0.000000 0.000000 0.000000 0.000000 0.000000 0.000000
0.005526 1.994206 2.981869 2.828500 inf nan nan nan nan nan 0.000000 0.000000 0.000000 0.000000 0.000000 0.000000 0.000000 0.000000 0.000000 0.000000 0.000000 0.000000 0.000000 0.000000 0.000000 0.000000 0.000000 0.000000
0.005926 1.999731 2.881020 2.719537 5.811012 nan nan nan nan nan 0.000000 0.000000 0.000000 0.000000 0.000000 0.000000 0.000000 0.000000 0.000000 0.000000 0.000000 0.000000 0.000000 0.000000 0.000000 0.000000 0.000000 0.000000
0.006354 1.989953 2.984759 5.573135 9.933990 nan nan nan nan nan 0.000000 0.000000 0.000000 0.000000 0.000000 0.000000 0.000000 0.000000 0.000000 0.000000 0.000000 0.000000 0.000000 0.000000 0.000000 0.000000 0.000000 0.000000
0.006813 2.000277 2.962998 3.727805 8.686967 inf nan nan nan nan 0.000000 0.000000 0.000000 0.000000 0.000000 0.000000 0.000000 0.000000 0.000000 0.000000 0.000000 0.000000 0.000000 0.000000 0.000000 0.000000 0.000000 0.000000
0.007305 2.006745 2.986938 4.146075 3.456267 9.933990 nan nan nan nan 0.000000 0.000000 0.000000 0.000000 0.000000 0.000000 0.000000 0.000000 0.000000 0.000000 0.000000 0.000000 0.000000 0.000000 0.000000 0.000000 0.000000 0.000000
0.007833 1.983549 2.992684 3.807983 5.111765 0.000000 nan nan nan nan 0.000000 0.000000 0.000000 0.000000 0.000000 0.000000 0.000000 0.000000 0.000000 0.000000 0.000000 0.000000 0.000000 0.000000 0.000000 0.000000 0.000000 0.000000
0.008399 2.007019 3.027049 3.554507 4.822225 0.000000 nan nan nan nan 0.000000 0.000000 0.000000 0.000000 0.000000 0.000000 0.000000 0.000000 0.000000 0.000000 0.000000 0.000000 0.000000 0.000000 0.000000 0.000000 0.000000 0.000000
0.009006 1.989620 2.962781 3.622463 5.111765 0.000000 nan nan nan nan 0.000000 0.000000 0.000000 0.000000 0.000000 0.000000 0.000000 0.000000 0.000000 0.000000 0.000000 0.000000 0.000000 0.000000 0.000000 0.000000 0.000000 0.000000
0.009657 2.004171 2.982095 3.744037 4.301014 5.811012 nan nan nan nan 0.000000 0.000000 0.000000 0.000000 0.000000 0.000000 0.000000 0.000000 0.000000 0.000000 0.000000 0.000000 0.000000 0.000000 0.000000 0.000000 0.000000 0.000000
0.010355 2.009827 2.992925 3.920263 5.986863 4.122978 nan nan nan nan 0.000000 0.000000 0.000000 0.000000 0.000000 0.000000 0.000000 0.000000 0.000000 0.000000 0.000000 0.000000 0.000000 0.000000 0.000000 0.000000 0.000000 0.000000
0.011103 1.997752 2.982109 4.045031 3.947127 9.933990 inf nan nan nan 0.000000 0.000000 0.000000 0.000000 0.000000 0.000000 0.000000 0.000000 0.000000 0.000000 0.000000 0.000000 0.000000 0.000000 0.000000 0.000000 0.000000 0.000000
0.011906 2.007390 2.935914 4.057102 3.922531 3.198030 0.000000 nan nan nan 0.000000 0.000000 0.000000 0.000000 0.000000 0.000000 0.000000 0.000000 0.000000 0.000000 0.000000 0.000000 0.000000 0.000000 0.000000 0.000000 0.000000 0.000000
0.012766 1.984803 3.022235 4.105568 5.262362 6.735959 0.000000 nan nan nan 0.000000 0.000000 0.000000 0.000000 0.000000 0.000000 0.000000 0.000000 0.000000 0.000000 0.000000 0.000000 0.000000 0.000000 0.000000 0.000000 0.000000 0.000000
0.013689 1.991469 2.964180 3.970410 4.468338 4.563989 15.745001 nan nan nan 0.000000 0.000000 0.000000 0.000000 0.000000 0.000000 0.000000 0.000000 0.000000 0.000000 0.000000 0.000000 0.000000 0.000000 0.000000 0.000000 0.000000 0.000000
0.014678 1.999417 3.004813 3.985956 4.931489 3.456267 4.122978 nan nan nan 0.000000 0.000000 0.000000 0.000000 0.000000 0.000000 0.000000 0.000000 0.000000 0.000000 0.000000 0.000000 0.000000 0.000000 0.000000 0.000000 0.000000 0.000000
0.015739 1.994230 2.996196 3.955286 4.822225 5.465652 0.000000 nan nan nan 0.000000 0.000000 0.000000 0.000000 0.000000 0.000000 0.000000 0.000000 0.000000 0.000000 0.000000 0.000000 0.000000 0.000000 0.000000 0.000000 0.000000 0.000000
0.016876 1.995558 2.988877 4.130418 5.505420 5.216249 5.811012 nan nan nan 0.000000 0.000000 0.000000 0.000000 0.000000 0.000000 0.000000 0.000000 0.000000 0.000000 0.000000 0.000000 0.000000 0.000000 0.000000 0.000000 0.000000 0.000000
0.018096 1.985846 3.022826 3.907087 4.812136 6.366882 0.000000 nan nan nan 0.000000 0.000000 0.000000 0.000000 0.000000 0.000000 0.000000 0.000000 0.000000 0.000000 0.000000 0.000000 0.000000 0.000000 0.000000 0.000000 0.000000 0.000000
0.019403 1.992383 2.971305 3.912830 4.646329 4.732931 8.686967 nan nan nan 0.000000 0.000000 0.000000 0.000000 0.000000 0.000000 0.000000 0.000000 0.000000 0.000000 0.000000 0.000000 0.000000 0.000000 0.000000 0.000000 0.000000 0.000000
0.020806 1.983708 2.958660 3.922499 5.116325 5.585311 2.394172 nan nan nan 0.000000 0.000000 0.000000 0.000000 0.000000 0.000000 0.000000 0.000000 0.000000 0.000000 0.000000 0.000000 0.000000 0.000000 0.000000 0.000000 0.000000 0.000000
0.022309 1.986934 2.983179 3.970611 4.894998 5.986863 9.933990 nan nan nan 0.000000 0.000000 0.000000 0.000000 0.000000 0.000000 0.000000 0.000000 0.000000 0.000000 0.000000 0.000000 0.000000 0.000000 0.000000 0.000000 0.000000 0.000000
0.023921 1.984973 2.963195 3.938728 4.791082 6.635737 6.173859 inf nan nan 0.000000 0.000000 0.000000 0.000000 0.000000 0.000000 0.000000 0.000000 0.000000 0.000000 0.000000 0.000000 0.000000 0.000000 0.000000 0.000000 0.000000 0.000000
0.025650 1.982043 2.945307 3.912403 4.807836 5.705863 8.020256 9.933990 nan nan 0.000000 0.000000 0.000000 0.000000 0.000000 0.000000 0.000000 0.000000 0.000000 0.000000 0.000000 0.000000 0.000000 0.000000 0.000000 0.000000 0.000000 0.000000
0.027504 1.980298 2.943008 3.913422 4.984182 6.233889 7.238878 8.686967 inf nan 0.000000 0.000000 0.000000 0.000000 0.000000 0.000000 0.000000 0.000000 0.000000 0.000000 0.000000 0.000000 0.000000 0.000000 0.000000 0.000000 0.000000 0.000000
0.029492 1.975042 2.929143 3.889833 4.957933 5.879161 6.296879 6.238856 0.000000 nan 0.000000 0.000000 0.000000 0.000000 0.000000 0.000000 0.000000 0.000000 0.000000 0.000000 0.000000 0.000000 0.000000 0.000000 0.000000 0.000000 0.000000 0.000000
0.031623 1.973541 2.936717 3.873485 4.777897 5.807990 7.928970 11.528044 15.745001 nan 0.000000 0.000000 0.000000 0.000000 0.000000 0.000000 0.000000 0.000000 0.000000 0.000000 0.000000 0.000000 0.000000 0.000000 0.000000 0.000000 0.000000 0.000000
0.033908 1.968980 2.912077 3.840041 4.780476 5.764595 6.684355 7.912091 14.056968 nan 0.000000 0.000000 0.000000 0.000000 0.000000 0.000000 0.000000 0.000000 0.000000 0.000000 0.000000 0.000000 0.000000 0.000000 0.000000 0.000000 0.000000 0.000000
0.036359 1.966132 2.904631 3.865908 4.825543 5.725860 6.602506 7.190125 5.811012 inf 0.000000 0.000000 0.000000 0.000000 0.000000 0.000000 0.000000 0.000000 0.000000 0.000000 0.000000 0.000000 0.000000 0.000000 0.000000 0.000000 0.000000 0.000000
0.038986 1.958322 2.897191 3.844977 4.769144 5.727624 6.661025 7.503914 4.991833 15.745001 0.000000 0.000000 0.000000 0.000000 0.000000 0.000000 0.000000 0.000000 0.000000 0.000000 0.000000 0.000000 0.000000 0.000000 0.000000 0.000000 0.000000 0.000000
0.041803 1.956631 2.873297 3.792923 4.732645 5.659313 6.546891 7.242907 10.753168 12.143234 0.000000 0.000000 0.000000 0.000000 0.000000 0.000000 0.000000 0.000000 0.000000 0.000000 0.000000 0.000000 0.000000 0.000000 0.000000 0.000000 0.000000 0.000000
0.044824 1.948167 2.858807 3.753901 4.659746 5.553102 6.619238 7.701232 8.686967 5.111765 0.000000 0.000000 0.000000 0.000000 0.000000 0.000000 0.000000 0.000000 0.000000 0.000000 0.000000 0.000000 0.000000 0.000000 0.000000 0.000000 0.000000 0.000000
0.048064 1.939744 2.836592 3.747102 4.624232 5.652439 6.379516 7.774993 10.571060 9.198869 0.000000 0.000000 0.000000 0.000000 0.000000 0.000000 0.000000 0.000000 0.000000 0.000000 0.000000 0.000000 0.000000 0.000000 0.000000 0.000000 0.000000 0.000000
0.051537 1.931077 2.811641 3.692227 4.644004 5.502636 6.430016 7.664772 8.799816 9.159114 0.000000 0.000000 0.000000 0.000000 0.000000 0.000000 0.000000 0.000000 0.000000 0.000000 0.000000 0.000000 0.000000 0.000000 0.000000 0.000000 0.000000 0.000000
0.055262 1.924944 2.794740 3.654710 4.528170 5.450970 6.453036 7.281690 9.905861 10.708866 0.000000 0.000000 0.000000 0.000000 0.000000 0.000000 0.000000 0.000000 0.000000 0.000000 0.000000 0.000000 0.000000 0.000000 0.000000 0.000000 0.000000 0.000000
0.059255 1.914288 2.768224 3.622247 4.511375 5.357354 6.460266 7.479866 8.576476 11.788673 0.000000 0.000000 0.000000 0.000000 0.000000 0.000000 0.000000 0.000000 0.000000 0.000000 0.000000 0.000000 0.000000 0.000000 0.000000 0.000000 0.000000 0.000000
0.063538 1.902344 2.739123 3.563648 4.422063 5.344162 6.126532 7.089521 7.989268 10.016594 0.000000 0.000000 0.000000 0.000000 0.000000 0.000000 0.000000 0.000000 0.000000 0.000000 0.000000 0.000000 0.000000 0.000000 0.000000 0.000000 0.000000 0.000000
0.068129 1.890082 2.710215 3.517714 4.364599 5.190192 6.117487 6.925247 8.006321 9.259432 0.000000 0.000000 0.000000 0.000000 0.000000 0.000000 0.000000 0.000000 0.000000 0.000000 0.000000 0.000000 0.000000 0.000000 0.000000 0.000000 0.000000 0.000000
0.073053 1.877037 2.673019 3.455521 4.275212 5.128761 5.939984 6.817166 7.545347 8.706576 0.000000 0.000000 0.000000 0.000000 0.000000 0.000000 0.000000 0.000000 0.000000 0.000000 0.000000 0.000000 0.000000 0.000000 0.000000 0.000000 0.000000 0.000000
0.078332 1.860382 2.638250 3.389427 4.182792 5.040860 5.917433 6.722984 7.361079 8.238607 0.000000 0.000000 0.000000 0.000000 0.000000 0.000000 0.000000 0.000000 0.000000 0.000000 0.000000 0.000000 0.000000 0.000000 0.000000 0.000000 0.000000 0.000000
0.083993 1.846634 2.601127 3.325855 4.085364 4.903362 5.707230 6.567151 7.401765 8.105076 0.000000 0.000000 0.000000 0.000000 0.000000 0.000000 0.000000 0.000000 0.000000 0.000000 0.000000 0.000000 0.000000 0.000000 0.000000 0.000000 0.000000 0.000000
0.090063 1.827429 2.559830 3.261295 4.000838 4.770499 5.578949 6.421161 7.141586 7.884844 0.000000 0.000000 0.000000 0.000000 0.000000 0.000000 0.000000 0.000000 0.000000 0.000000 0.000000 0.000000 0.000000 0.000000 0.000000 0.000000 0.000000 0.000000
0.096571 1.809046 2.522172 3.196743 3.899600 4.652878 5.442649 6.214548 7.051033 7.688745 0.000000 0.000000 0.000000 0.000000 0.000000 0.000000 0.000000 0.000000 0.000000 0.000000 0.000000 0.000000 0.000000 0.000000 0.000000 0.000000 0.000000 0.000000
0.103550 1.788133 2.479815 3.124526 3.793412 4.498082 5.246066 6.020557 6.829663 7.692482 0.000000 0.000000 0.000000 0.000000 0.000000 0.000000 0.000000 0.000000 0.000000 0.000000 0.000000 0.000000 0.000000 0.000000 0.000000 0.000000 0.000000 0.000000
0.111034 1.765084 2.438018 3.056606 3.689409 4.385168 5.070741 5.781286 6.558324 7.308698 0.000000 0.000000 0.000000 0.000000 0.000000 0.000000 0.000000 0.000000 0.000000 0.000000 0.000000 0.000000 0.000000 0.000000 0.000000 0.000000 0.000000 0.000000
0.119058 1.739087 2.391652 2.980858 3.582953 4.236499 4.927812 5.624001 6.346146 7.101471 0.000000 0.000000 0.000000 0.000000 0.000000 0.000000 0.000000 0.000000 0.000000 0.000000 0.000000 0.000000 0.000000 0.000000 0.000000 0.000000 0.000000 0.000000
0.127662 1.714604 2.351302 2.919390 3.479582 4.095909 4.718345 5.377548 6.092932 6.812443 0.000000 0.000000 0.000000 0.000000 0.000000 0.000000 0.000000 0.000000 0.000000 0.000000 0.000000 0.000000 0.000000 0.000000 0.000000 0.000000 0.000000 0.000000
0.136887 1.686328 2.309046 2.855956 3.384551 3.968511 4.561709 5.187973 5.858378 6.552286 0.000000 0.000000 0.000000 0.000000 0.000000 0.000000 0.000000 0.000000 0.000000 0.000000 0.000000 0.000000 0.000000 0.000000 0.000000 0.000000 0.000000 0.000000
0.146780 1.657115 2.266966 2.797079 3.288293 3.833126 4.390408 4.982900 5.624539 6.303808 0.000000 0.000000 0.000000 0.000000 0.000000 0.000000 0.000000 0.000000 0.000000 0.000000 0.000000 0.000000 0.000000 0.000000 0.000000 0.000000 0.000000 0.000000
0.157387 1.625657 2.225839 2.741738 3.203212 3.720085 4.248830 4.796155 5.383671 6.012849 0.000000 0.000000 0.000000 0.000000 0.000000 0.000000 0.000000 0.000000 0.000000 0.000000 0.000000 0.000000 0.000000 0.000000 0.000000 0.000000 0.000000 0.000000
0.168761 1.592349 2.185525 2.694809 3.124849 3.602722 4.094492 4.608775 5.174654 5.800507 0.000000 0.000000 0.000000 0.000000 0.000000 0.000000 0.000000 0.000000 0.000000 0.000000 0.000000 0.000000 0.000000 0.000000 0.000000 0.000000 0.000000 0.000000
0.180957 1.557248 2.143704 2.647769 3.059585 3.511521 3.976005 4.458970 4.980092 5.541458 0.000000 0.000000 0.000000 0.000000 0.000000 0.000000 0.000000 0.000000 0.000000 0.000000 0.000000 0.000000 0.000000 0.000000 0.000000 0.000000 0.000000 0.000000
0.194034 1.522172 2.102597 2.604885 2.995880 3.422143 3.870002 4.333469 4.820623 5.366536 0.000000 0.000000 0.000000 0.000000 0.000000 0.000000 0.000000 0.000000 0.000000 0.000000 0.000000 0.000000 0.000000 0.000000 0.000000 0.000000 0.000000 0.000000
0.208057 1.485949 2.061295 2.564879 2.939444 3.338872 3.769867 4.216217 4.677206 5.190518 0.000000 0.000000 0.000000 0.000000 0.000000 0.000000 0.000000 0.000000 0.000000 0.000000 0.000000 0.000000 0.000000 0.000000 0.000000 0.000000 0.000000 0.000000
0.223092 1.449806 2.019966 2.528361 2.894901 3.267393 3.676355 4.104347 4.554604 5.057117 0.000000 0.000000 0.000000 0.000000 0.000000 0.000000 0.000000 0.000000 0.000000 0.000000 0.000000 0.000000 0.000000 0.000000 0.000000 0.000000 0.000000 0.000000
0.239215 1.414139 1.975739 2.490364 2.853833 3.201494 3.590657 4.004880 4.432557 4.917110 0.000000 0.000000 0.000000 0.000000 0.000000 0.000000 0.000000 0.000000 0.000000 0.000000 0.000000 0.000000 0.000000 0.000000 0.000000 0.000000 0.000000 0.000000
0.256502 1.381542 1.932320 2.450988 2.815464 3.143823 3.519824 3.921778 4.339800 4.789218 0.000000 0.000000 0.000000 0.000000 0.000000 0.000000 0.000000 0.000000 0.000000 0.000000 0.000000 0.000000 0.000000 0.000000 0.000000 0.000000 0.000000 0.000000
0.275039 1.349237 1.888695 2.411000 2.783568 3.094063 3.449599 3.838136 4.243767 4.672637 0.000000 0.000000 0.000000 0.000000 0.000000 0.000000 0.000000 0.000000 0.000000 0.000000 0.000000 0.000000 0.000000 0.000000 0.000000 0.000000 0.000000 0.000000
0.294915 1.320184 1.844875 2.368155 2.753081 3.051478 3.390865 3.761394 4.154801 4.558933 0.000000 0.000000 0.000000 0.000000 0.000000 0.000000 0.000000 0.000000 0.000000 0.000000 0.000000 0.000000 0.000000 0.000000 0.000000 0.000000 0.000000 0.000000
0.316228 1.292858 1.803686 2.320438 2.724700 3.018561 3.343759 3.704452 4.078992 4.456207 0.000000 0.000000 0.000000 0.000000 0.000000 0.000000 0.000000 0.000000 0.000000 0.000000 0.000000 0.000000 0.000000 0.000000 0.000000 0.000000 0.000000 0.000000
0.339081 1.268225 1.764347 2.271283 2.691902 2.992084 3.308121 3.658012 4.026793 4.369957 0.000000 0.000000 0.000000 0.000000 0.000000 0.000000 0.000000 0.000000 0.000000 0.000000 0.000000 0.000000 0.000000 0.000000 0.000000 0.000000 0.000000 0.000000
0.363585 1.245373 1.728839 2.217940 2.652542 2.963554 3.276911 3.622745 3.983390 4.314588 0.000000 0.000000 0.000000 0.000000 0.000000 0.000000 0.000000 0.000000 0.000000 0.000000 0.000000 0.000000 0.000000 0.000000 0.000000 0.000000 0.000000 0.000000
0.389860 1.222494 1.699346 2.166143 2.610250 2.928999 3.243170 3.590049 3.955401 4.271370 0.000000 0.000000 0.000000 0.000000 0.000000 0.000000 0.000000 0.000000 0.000000 0.000000 0.000000 0.000000 0.000000 0.000000 0.000000 0.000000 0.000000 0.000000
0.418034 1.195602 1.676615 2.115197 2.562653 2.887461 3.202271 3.551365 3.923319 4.247308 0.000000 0.000000 0.000000 0.000000 0.000000 0.000000 0.000000 0.000000 0.000000 0.000000 0.000000 0.000000 0.000000 0.000000 0.000000 0.000000 0.000000 0.000000
0.448245 1.158395 1.655817 2.068339 2.509905 2.835048 3.147833 3.493667 3.868652 4.204759 0.000000 0.000000 0.000000 0.000000 0.000000 0.000000 0.000000 0.000000 0.000000 0.000000 0.000000 0.000000 0.000000 0.000000 0.000000 0.000000 0.000000 0.000000
0.480638 1.101015 1.626599 2.026046 2.449958 2.772387 3.080654 3.418697 3.788598 4.138437 0.000000 0.000000 0.000000 0.000000 0.000000 0.000000 0.000000 0.000000 0.000000 0.000000 0.000000 0.000000 0.000000 0.000000 0.000000 0.000000 0.000000 0.000000
0.515372 1.009590 1.572311 1.985445 2.383171 2.699424 2.998724 3.322994 3.681565 4.039127 0.000000 0.000000 0.000000 0.000000 0.000000 0.000000 0.000000 0.000000 0.000000 0.000000 0.000000 0.000000 0.000000 0.000000 0.000000 0.000000 0.000000 0.000000
0.552617 0.871471 1.473209 1.935540 2.316009 2.624825 2.909074 3.210550 3.554429 3.911687 0.000000 0.000000 0.000000 0.000000 0.000000 0.000000 0.000000 0.000000 0.000000 0.000000 0.000000 0.000000 0.000000 0.000000 0.000000 0.000000 0.000000 0.000000
0.592553 0.679731 1.312715 1.853730 2.247331 2.559380 2.833422 3.106611 3.422455 3.765256 0.000000 0.000000 0.000000 0.000000 0.000000 0.000000 0.000000 0.000000 0.000000 0.000000 0.000000 0.000000 0.000000 0.000000 0.000000 0.000000 0.000000 0.000000
0.635375 0.457041 1.081842 1.703895 2.152194 2.486697 2.773475 3.030946 3.314997 3.627725 0.000000 0.000000 0.000000 0.000000 0.000000 0.000000 0.000000 0.000000 0.000000 0.000000 0.000000 0.000000 0.000000 0.000000 0.000000 0.000000 0.000000 0.000000
0.681292 0.265086 0.804997 1.453690 1.975454 2.356362 2.690098 2.964797 3.228625 3.509319 0.000000 0.000000 0.000000 0.000000 0.000000 0.000000 0.000000 0.000000 0.000000 0.000000 0.000000 0.000000 0.000000 0.000000 0.000000 0.000000 0.000000 0.000000
0.730527 0.137466 0.531124 1.117960 1.684886 2.125757 2.522273 2.847936 3.120840 3.381018 0.000000 0.000000 0.000000 0.000000 0.000000 0.000000 0.000000 0.000000 0.000000 0.000000 0.000000 0.000000 0.000000 0.000000 0.000000 0.000000 0.000000 0.000000
0.783320 0.061728 0.299220 0.759256 1.310948 1.808919 2.255999 2.632121 2.945901 3.211425 0.000000 0.000000 0.000000 0.000000 0.000000 0.000000 0.000000 0.000000 0.000000 0.000000 0.000000 0.000000 0.000000 0.000000 0.000000 0.000000 0.000000 0.000000
0.839929 0.022903 0.134467 0.429773 0.907675 1.439684 1.923966 2.329027 2.686733 2.982979 0.000000 0.000000 0.000000 0.000000 0.000000 0.000000 0.000000 0.000000 0.000000 0.000000 0.000000 0.000000 0.000000 0.000000 0.000000 0.000000 0.000000 0.000000
0.900628 0.007013 0.048212 0.183053 0.524637 1.020093 1.525215 1.952293 2.351268 2.687326 0.000000 0.000000 0.000000 0.000000 0.000000 0.000000 0.000000 0.000000 0.000000 0.000000 0.000000 0.000000 0.000000 0.000000 0.000000 0.000000 0.000000 0.000000
0.965714 0.001410 0.012977 0.055758 0.228986 0.586749 1.050042 1.498180 1.934244 2.305475 0.000000 0.000000 0.000000 0.000000 0.000000 0.000000 0.000000 0.000000 0.000000 0.000000 0.000000 0.000000 0.000000 0.000000 0.000000 0.000000 0.000000 0.000000
