# r D2m=2 D2m=3 D2m=4 D2m=5 D2m=6 D2m=7 D2m=8 D2m=9 D2m=10
0.001036 2.170476 2.885749 6.477723 nan nan nan nan nan nan 0.000000 0.000000 0.000000 0.000000 0.000000 0.000000 0.000000 0.000000 0.000000 0.000000 0.000000 0.000000 0.000000 0.000000 0.000000 0.000000 0.000000 0.000000
0.001110 2.144506 3.614814 4.445053 nan nan nan nan nan nan 0.000000 0.000000 0.000000 0.000000 0.000000 0.000000 0.000000 0.000000 0.000000 0.000000 0.000000 0.000000 0.000000 0.000000 0.000000 0.000000 0.000000 0.000000
0.001191 2.347891 3.415456 7.883109 inf inf nan nan nan nan 0.000000 0.000000 0.000000 0.000000 0.000000 0.000000 0.000000 0.000000 0.000000 0.000000 0.000000 0.000000 0.000000 0.000000 0.000000 0.000000 0.000000 0.000000
0.001277 2.214846 4.234928 11.123478 9.009042 15.745001 nan nan nan nan 0.000000 0.000000 0.000000 0.000000 0.000000 0.000000 0.000000 0.000000 0.000000 0.000000 0.000000 0.000000 0.000000 0.000000 0.000000 0.000000 0.000000 0.000000
0.001369 2.107449 4.479803 8.466207 3.387857 4.122978 nan nan nan nan 0.000000 0.000000 0.000000 0.000000 0.000000 0.000000 0.000000 0.000000 0.000000 0.000000 0.000000 0.000000 0.000000 0.000000 0.000000 0.000000 0.000000 0.000000
0.001468 2.153759 4.392092 6.893164 9.933990 4.563989 nan nan nan nan 0.000000 0.000000 0.000000 0.000000 0.000000 0.000000 0.000000 0.000000 0.000000 0.000000 0.000000 0.000000 0.000000 0.000000 0.000000 0.000000 0.000000 0.000000
0.001574 2.013901 3.992689 4.697601 13.867141 2.394172 nan nan nan nan 0.000000 0.000000 0.000000 0.000000 0.000000 0.000000 0.000000 0.000000 0.000000 0.000000 0.000000 0.000000 0.000000 0.000000 0.000000 0.000000 0.000000 0.000000
0.001688 2.079036 3.345602 5.258087 6.188184 5.438738 nan nan nan nan 0.000000 0.000000 0.000000 0.000000 0.000000 0.000000 0.000000 0.000000 0.000000 0.000000 0.000000 0.000000 0.000000 0.000000 0.000000 0.000000 0.000000 0.000000
0.001810 2.038634 3.408070 4.502755 6.117912 7.016067 nan nan nan nan 0.000000 0.000000 0.000000 0.000000 0.000000 0.000000 0.000000 0.000000 0.000000 0.000000 0.000000 0.000000 0.000000 0.000000 0.000000 0.000000 0.000000 0.000000
0.001940 2.070766 3.068083 4.350782 5.851440 9.464055 nan nan nan nan 0.000000 0.000000 0.000000 0.000000 0.000000 0.000000 0.000000 0.000000 0.000000 0.000000 0.000000 0.000000 0.000000 0.000000 0.000000 0.000000 0.000000 0.000000
0.002081 1.983576 2.833421 4.090795 4.263585 8.290673 nan nan nan nan 0.000000 0.000000 0.000000 0.000000 0.000000 0.000000 0.000000 0.000000 0.000000 0.000000 0.000000 0.000000 0.000000 0.000000 0.000000 0.000000 0.000000 0.000000
0.002231 1.991804 2.991325 4.085585 3.979848 5.676440 nan nan nan nan 0.000000 0.000000 0.000000 0.000000 0.000000 0.000000 0.000000 0.000000 0.000000 0.000000 0.000000 0.000000 0.000000 0.000000 0.000000 0.000000 0.000000 0.000000
0.002392 1.993587 2.696628 3.603236 4.404112 5.102748 inf nan nan nan 0.000000 0.000000 0.000000 0.000000 0.000000 0.000000 0.000000 0.000000 0.000000 0.000000 0.000000 0.000000 0.000000 0.000000 0.000000 0.000000 0.000000 0.000000
0.002565 1.952312 2.487072 3.283079 4.639714 5.705398 11.622023 inf nan nan 0.000000 0.000000 0.000000 0.000000 0.000000 0.000000 0.000000 0.000000 0.000000 0.000000 0.000000 0.000000 0.000000 0.000000 0.000000 0.000000 0.000000 0.000000
0.002750 1.930515 2.548670 3.332258 4.291165 6.527747 9.704677 5.438738 nan nan 0.000000 0.000000 0.000000 0.000000 0.000000 0.000000 0.000000 0.000000 0.000000 0.000000 0.000000 0.000000 0.000000 0.000000 0.000000 0.000000 0.000000 0.000000
0.002949 1.972312 2.437613 3.127250 3.481836 5.383439 9.162324 9.159114 nan nan 0.000000 0.000000 0.000000 0.000000 0.000000 0.000000 0.000000 0.000000 0.000000 0.000000 0.000000 0.000000 0.000000 0.000000 0.000000 0.000000 0.000000 0.000000
0.003162 1.946643 2.463667 2.807381 3.459779 5.462048 6.582678 12.809946 inf nan 0.000000 0.000000 0.000000 0.000000 0.000000 0.000000 0.000000 0.000000 0.000000 0.000000 0.000000 0.000000 0.000000 0.000000 0.000000 0.000000 0.000000 0.000000
0.003391 1.941852 2.352769 2.462346 2.620337 2.809280 6.537140 11.030941 40.176970 inf 0.000000 0.000000 0.000000 0.000000 0.000000 0.000000 0.000000 0.000000 0.000000 0.000000 0.000000 0.000000 0.000000 0.000000 0.000000 0.000000 0.000000 0.000000
0.003636 1.898508 2.313535 2.436128 3.364372 4.387556 5.523299 8.673246 14.537406 19.867980 0.000000 0.000000 0.000000 0.000000 0.000000 0.000000 0.000000 0.000000 0.000000 0.000000 0.000000 0.000000 0.000000 0.000000 0.000000 0.000000 0.000000 0.000000
0.003899 1.919696 2.133190 2.312512 3.076114 4.038741 5.627162 7.996703 12.781282 13.967114 0.000000 0.000000 0.000000 0.000000 0.000000 0.000000 0.000000 0.000000 0.000000 0.000000 0.000000 0.000000 0.000000 0.000000 0.000000 0.000000 0.000000 0.000000
0.004180 1.856130 1.995808 2.048033 2.648617 2.914133 3.076403 4.304506 6.808403 10.068561 0.000000 0.000000 0.000000 0.000000 0.000000 0.000000 0.000000 0.000000 0.000000 0.000000 0.000000 0.000000 0.000000 0.000000 0.000000 0.000000 0.000000 0.000000
0.004482 1.864213 1.994962 1.930554 2.505315 3.290799 3.534253 3.702274 5.083636 8.304436 0.000000 0.000000 0.000000 0.000000 0.000000 0.000000 0.000000 0.000000 0.000000 0.000000 0.000000 0.000000 0.000000 0.000000 0.000000 0.000000 0.000000 0.000000
0.004806 1.892382 1.897390 1.620762 1.605469 2.217781 2.954159 3.843891 4.729411 5.735779 0.000000 0.000000 0.000000 0.000000 0.000000 0.000000 0.000000 0.000000 0.000000 0.000000 0.000000 0.000000 0.000000 0.000000 0.000000 0.000000 0.000000 0.000000
0.005154 1.907440 1.986619 1.799108 1.635888 1.646010 2.134254 2.664442 3.165606 3.387857 0.000000 0.000000 0.000000 0.000000 0.000000 0.000000 0.000000 0.000000 0.000000 0.000000 0.000000 0.000000 0.000000 0.000000 0.000000 0.000000 0.000000 0.000000
0.005526 1.913093 2.020953 1.963178 2.129027 1.657884 1.575779 1.994837 2.482544 3.221831 0.000000 0.000000 0.000000 0.000000 0.000000 0.000000 0.000000 0.000000 0.000000 0.000000 0.000000 0.000000 0.000000 0.000000 0.000000 0.000000 0.000000 0.000000
0.005926 1.895334 1.996262 1.941490 2.014343 1.683797 1.761372 1.349697 1.563131 1.870070 0.000000 0.000000 0.000000 0.000000 0.000000 0.000000 0.000000 0.000000 0.000000 0.000000 0.000000 0.000000 0.000000 0.000000 0.000000 0.000000 0.000000 0.000000
0.006354 1.909193 1.955615 1.760133 1.749576 1.923618 2.222143 1.967023 1.889236 1.899813 0.000000 0.000000 0.000000 0.000000 0.000000 0.000000 0.000000 0.000000 0.000000 0.000000 0.000000 0.000000 0.000000 0.000000 0.000000 0.000000 0.000000 0.000000
0.006813 1.929829 2.008748 1.802827 1.751857 1.588229 1.973312 2.578465 2.322201 2.334049 0.000000 0.000000 0.000000 0.000000 0.000000 0.000000 0.000000 0.000000 0.000000 0.000000 0.000000 0.000000 0.000000 0.000000 0.000000 0.000000 0.000000 0.000000
0.007305 1.924707 2.050642 1.865775 1.819579 1.588840 1.679564 2.231091 2.396979 2.042594 0.000000 0.000000 0.000000 0.000000 0.000000 0.000000 0.000000 0.000000 0.000000 0.000000 0.000000 0.000000 0.000000 0.000000 0.000000 0.000000 0.000000 0.000000
0.007833 1.940631 2.143884 1.895096 1.838683 1.709652 1.557101 1.896824 2.435669 3.133230 0.000000 0.000000 0.000000 0.000000 0.000000 0.000000 0.000000 0.000000 0.000000 0.000000 0.000000 0.000000 0.000000 0.000000 0.000000 0.000000 0.000000 0.000000
0.008399 1.942515 2.110391 2.037137 1.885329 1.661781 1.566707 1.727460 2.053051 2.605763 0.000000 0.000000 0.000000 0.000000 0.000000 0.000000 0.000000 0.000000 0.000000 0.000000 0.000000 0.000000 0.000000 0.000000 0.000000 0.000000 0.000000 0.000000
0.009006 1.957261 2.131171 2.018112 1.876856 1.896989 1.619627 1.567955 1.884788 3.238886 0.000000 0.000000 0.000000 0.000000 0.000000 0.000000 0.000000 0.000000 0.000000 0.000000 0.000000 0.000000 0.000000 0.000000 0.000000 0.000000 0.000000 0.000000
0.009657 1.944139 2.104709 1.982136 1.959025 1.947400 1.829001 1.630076 1.779537 2.703885 0.000000 0.000000 0.000000 0.000000 0.000000 0.000000 0.000000 0.000000 0.000000 0.000000 0.000000 0.000000 0.000000 0.000000 0.000000 0.000000 0.000000 0.000000
0.010355 1.940763 2.136939 2.056776 1.847950 1.872051 1.676127 1.411225 1.242288 1.699510 0.000000 0.000000 0.000000 0.000000 0.000000 0.000000 0.000000 0.000000 0.000000 0.000000 0.000000 0.000000 0.000000 0.000000 0.000000 0.000000 0.000000 0.000000
0.011103 1.950470 2.157749 2.129908 1.941706 1.778433 1.601768 1.538988 1.388887 1.845621 0.000000 0.000000 0.000000 0.000000 0.000000 0.000000 0.000000 0.000000 0.000000 0.000000 0.000000 0.000000 0.000000 0.000000 0.000000 0.000000 0.000000 0.000000
0.011906 1.938540 2.175570 2.130315 2.021356 1.952343 1.771113 1.826943 1.653647 1.501305 0.000000 0.000000 0.000000 0.000000 0.000000 0.000000 0.000000 0.000000 0.000000 0.000000 0.000000 0.000000 0.000000 0.000000 0.000000 0.000000 0.000000 0.000000
0.012766 1.938086 2.228953 2.194506 1.930977 1.793003 1.619642 1.524096 1.676868 2.412219 0.000000 0.000000 0.000000 0.000000 0.000000 0.000000 0.000000 0.000000 0.000000 0.000000 0.000000 0.000000 0.000000 0.000000 0.000000 0.000000 0.000000 0.000000
0.013689 1.932345 2.238641 2.253467 2.128154 2.110837 2.087809 1.446442 1.244380 1.351351 0.000000 0.000000 0.000000 0.000000 0.000000 0.000000 0.000000 0.000000 0.000000 0.000000 0.000000 0.000000 0.000000 0.000000 0.000000 0.000000 0.000000 0.000000
0.014678 1.926880 2.227418 2.234505 2.091135 2.153791 2.189040 1.973421 1.608235 1.234838 0.000000 0.000000 0.000000 0.000000 0.000000 0.000000 0.000000 0.000000 0.000000 0.000000 0.000000 0.000000 0.000000 0.000000 0.000000 0.000000 0.000000 0.000000
0.015739 1.919904 2.226885 2.266338 2.086854 2.064249 2.011772 1.895073 1.897780 2.012970 0.000000 0.000000 0.000000 0.000000 0.000000 0.000000 0.000000 0.000000 0.000000 0.000000 0.000000 0.000000 0.000000 0.000000 0.000000 0.000000 0.000000 0.000000
0.016876 1.917810 2.196729 2.256104 2.163658 2.180466 2.165234 2.008102 1.562873 1.630802 0.000000 0.000000 0.000000 0.000000 0.000000 0.000000 0.000000 0.000000 0.000000 0.000000 0.000000 0.000000 0.000000 0.000000 0.000000 0.000000 0.000000 0.000000
0.018096 1.904600 2.187638 2.276429 2.168214 1.978914 2.068578 2.111958 1.929265 1.675114 0.000000 0.000000 0.000000 0.000000 0.000000 0.000000 0.000000 0.000000 0.000000 0.000000 0.000000 0.000000 0.000000 0.000000 0.000000 0.000000 0.000000 0.000000
0.019403 1.894157 2.150015 2.230086 2.166567 1.954439 1.911996 2.020148 2.184432 2.209633 0.000000 0.000000 0.000000 0.000000 0.000000 0.000000 0.000000 0.000000 0.000000 0.000000 0.000000 0.000000 0.000000 0.000000 0.000000 0.000000 0.000000 0.000000
0.020806 1.891885 2.157870 2.245875 2.170930 2.064729 1.857948 1.833957 2.105826 2.326376 0.000000 0.000000 0.000000 0.000000 0.000000 0.000000 0.000000 0.000000 0.000000 0.000000 0.000000 0.000000 0.000000 0.000000 0.000000 0.000000 0.000000 0.000000
0.022309 1.902956 2.165785 2.275521 2.205470 2.153633 1.992486 1.845580 1.804972 2.000960 0.000000 0.000000 0.000000 0.000000 0.000000 0.000000 0.000000 0.000000 0.000000 0.000000 0.000000 0.000000 0.000000 0.000000 0.000000 0.000000 0.000000 0.000000
0.023921 1.903355 2.157629 2.269576 2.230265 2.264372 2.121901 1.952944 1.778082 1.746353 0.000000 0.000000 0.000000 0.000000 0.000000 0.000000 0.000000 0.000000 0.000000 0.000000 0.000000 0.000000 0.000000 0.000000 0.000000 0.000000 0.000000 0.000000
0.025650 1.896567 2.131817 2.229028 2.210409 2.173976 2.087597 1.878725 1.597553 1.639779 0.000000 0.000000 0.000000 0.000000 0.000000 0.000000 0.000000 0.000000 0.000000 0.000000 0.000000 0.000000 0.000000 0.000000 0.000000 0.000000 0.000000 0.000000
0.027504 1.889314 2.139340 2.264615 2.279657 2.226940 2.168681 2.063991 1.831000 1.531358 0.000000 0.000000 0.000000 0.000000 0.000000 0.000000 0.000000 0.000000 0.000000 0.000000 0.000000 0.000000 0.000000 0.000000 0.000000 0.000000 0.000000 0.000000
0.029492 1.876705 2.133768 2.278749 2.314815 2.229036 2.135589 2.009603 1.933898 1.663949 0.000000 0.000000 0.000000 0.000000 0.000000 0.000000 0.000000 0.000000 0.000000 0.000000 0.000000 0.000000 0.000000 0.000000 0.000000 0.000000 0.000000 0.000000
0.031623 1.876264 2.111229 2.256336 2.288488 2.263333 2.153201 2.073361 2.063413 1.772639 0.000000 0.000000 0.000000 0.000000 0.000000 0.000000 0.000000 0.000000 0.000000 0.000000 0.000000 0.000000 0.000000 0.000000 0.000000 0.000000 0.000000 0.000000
0.033908 1.875225 2.113255 2.214696 2.281835 2.257044 2.149967 2.056646 1.995340 1.815928 0.000000 0.000000 0.000000 0.000000 0.000000 0.000000 0.000000 0.000000 0.000000 0.000000 0.000000 0.000000 0.000000 0.000000 0.000000 0.000000 0.000000 0.000000
0.036359 1.865756 2.131189 2.243678 2.269985 2.267000 2.194082 2.085670 1.987959 1.848279 0.000000 0.000000 0.000000 0.000000 0.000000 0.000000 0.000000 0.000000 0.000000 0.000000 0.000000 0.000000 0.000000 0.000000 0.000000 0.000000 0.000000 0.000000
0.038986 1.856972 2.127228 2.250107 2.330822 2.267466 2.202699 2.091244 1.988349 1.743590 0.000000 0.000000 0.000000 0.000000 0.000000 0.000000 0.000000 0.000000 0.000000 0.000000 0.000000 0.000000 0.000000 0.000000 0.000000 0.000000 0.000000 0.000000
0.041803 1.852729 2.126862 2.238236 2.324270 2.329209 2.291969 2.177461 2.094661 1.712144 0.000000 0.000000 0.000000 0.000000 0.000000 0.000000 0.000000 0.000000 0.000000 0.000000 0.000000 0.000000 0.000000 0.000000 0.000000 0.000000 0.000000 0.000000
0.044824 1.849551 2.123685 2.238289 2.313166 2.306021 2.236424 2.140139 2.084364 1.847388 0.000000 0.000000 0.000000 0.000000 0.000000 0.000000 0.000000 0.000000 0.000000 0.000000 0.000000 0.000000 0.000000 0.000000 0.000000 0.000000 0.000000 0.000000
0.048064 1.837039 2.124542 2.251630 2.354938 2.344467 2.248994 2.201780 2.187137 1.887126 0.000000 0.000000 0.000000 0.000000 0.000000 0.000000 0.000000 0.000000 0.000000 0.000000 0.000000 0.000000 0.000000 0.000000 0.000000 0.000000 0.000000 0.000000
0.051537 1.834465 2.129177 2.266913 2.360831 2.380786 2.340369 2.277017 2.293741 1.980893 0.000000 0.000000 0.000000 0.000000 0.000000 0.000000 0.000000 0.000000 0.000000 0.000000 0.000000 0.000000 0.000000 0.000000 0.000000 0.000000 0.000000 0.000000
0.055262 1.827442 2.127848 2.259802 2.372364 2.381391 2.347113 2.313953 2.358117 2.327092 0.000000 0.000000 0.000000 0.000000 0.000000 0.000000 0.000000 0.000000 0.000000 0.000000 0.000000 0.000000 0.000000 0.000000 0.000000 0.000000 0.000000 0.000000
0.059255 1.815804 2.130530 2.269265 2.405558 2.409284 2.455897 2.424479 2.358153 2.321955 0.000000 0.000000 0.000000 0.000000 0.000000 0.000000 0.000000 0.000000 0.000000 0.000000 0.000000 0.000000 0.000000 0.000000 0.000000 0.000000 0.000000 0.000000
0.063538 1.806550 2.139431 2.291733 2.398296 2.409901 2.407097 2.435559 2.470060 2.462550 0.000000 0.000000 0.000000 0.000000 0.000000 0.000000 0.000000 0.000000 0.000000 0.000000 0.000000 0.000000 0.000000 0.000000 0.000000 0.000000 0.000000 0.000000
0.068129 1.799612 2.154112 2.310713 2.411947 2.468387 2.473293 2.458051 2.443491 2.521657 0.000000 0.000000 0.000000 0.000000 0.000000 0.000000 0.000000 0.000000 0.000000 0.000000 0.000000 0.000000 0.000000 0.000000 0.000000 0.000000 0.000000 0.000000
0.073053 1.788390 2.161489 2.330165 2.445909 2.517951 2.568101 2.526109 2.508934 2.437743 0.000000 0.000000 0.000000 0.000000 0.000000 0.000000 0.000000 0.000000 0.000000 0.000000 0.000000 0.000000 0.000000 0.000000 0.000000 0.000000 0.000000 0.000000
0.078332 1.771028 2.150823 2.325539 2.480866 2.574452 2.631442 2.608839 2.545655 2.569480 0.000000 0.000000 0.000000 0.000000 0.000000 0.000000 0.000000 0.000000 0.000000 0.000000 0.000000 0.000000 0.000000 0.000000 0.000000 0.000000 0.000000 0.000000
0.083993 1.758449 2.154741 2.322054 2.479626 2.606504 2.670228 2.663948 2.589079 2.592017 0.000000 0.000000 0.000000 0.000000 0.000000 0.000000 0.000000 0.000000 0.000000 0.000000 0.000000 0.000000 0.000000 0.000000 0.000000 0.000000 0.000000 0.000000
0.090063 1.741784 2.148257 2.320156 2.489478 2.668518 2.784300 2.766858 2.668284 2.649436 0.000000 0.000000 0.000000 0.000000 0.000000 0.000000 0.000000 0.000000 0.000000 0.000000 0.000000 0.000000 0.000000 0.000000 0.000000 0.000000 0.000000 0.000000
0.096571 1.731383 2.145477 2.329280 2.475462 2.669800 2.788339 2.853434 2.808940 2.694946 0.000000 0.000000 0.000000 0.000000 0.000000 0.000000 0.000000 0.000000 0.000000 0.000000 0.000000 0.000000 0.000000 0.000000 0.000000 0.000000 0.000000 0.000000
0.103550 1.714801 2.137842 2.330014 2.500401 2.688064 2.797906 2.922539 2.972676 2.955450 0.000000 0.000000 0.000000 0.000000 0.000000 0.000000 0.000000 0.000000 0.000000 0.000000 0.000000 0.000000 0.000000 0.000000 0.000000 0.000000 0.000000 0.000000
0.111034 1.696753 2.124210 2.328332 2.521557 2.697278 2.828033 2.996725 3.136503 3.179550 0.000000 0.000000 0.000000 0.000000 0.000000 0.000000 0.000000 0.000000 0.000000 0.000000 0.000000 0.000000 0.000000 0.000000 0.000000 0.000000 0.000000 0.000000
0.119058 1.678864 2.105419 2.346075 2.543205 2.731520 2.832451 2.996757 3.185334 3.265405 0.000000 0.000000 0.000000 0.000000 0.000000 0.000000 0.000000 0.000000 0.000000 0.000000 0.000000 0.000000 0.000000 0.000000 0.000000 0.000000 0.000000 0.000000
0.127662 1.656973 2.088342 2.356998 2.559315 2.775692 2.903218 3.050264 3.197421 3.331619 0.000000 0.000000 0.000000 0.000000 0.000000 0.000000 0.000000 0.000000 0.000000 0.000000 0.000000 0.000000 0.000000 0.000000 0.000000 0.000000 0.000000 0.000000
0.136887 1.628997 2.080886 2.366674 2.577894 2.820060 2.990213 3.120511 3.252794 3.455569 0.000000 0.000000 0.000000 0.000000 0.000000 0.000000 0.000000 0.000000 0.000000 0.000000 0.000000 0.000000 0.000000 0.000000 0.000000 0.000000 0.000000 0.000000
0.146780 1.599896 2.072112 2.382688 2.593174 2.843755 3.026104 3.165554 3.353530 3.556927 0.000000 0.000000 0.000000 0.000000 0.000000 0.000000 0.000000 0.000000 0.000000 0.000000 0.000000 0.000000 0.000000 0.000000 0.000000 0.000000 0.000000 0.000000
0.157387 1.566173 2.058629 2.387293 2.604486 2.871510 3.104675 3.248354 3.444422 3.672983 0.000000 0.000000 0.000000 0.000000 0.000000 0.000000 0.000000 0.000000 0.000000 0.000000 0.000000 0.000000 0.000000 0.000000 0.000000 0.000000 0.000000 0.000000
0.168761 1.532494 2.034595 2.387107 2.604274 2.860027 3.148568 3.388120 3.588130 3.822013 0.000000 0.000000 0.000000 0.000000 0.000000 0.000000 0.000000 0.000000 0.000000 0.000000 0.000000 0.000000 0.000000 0.000000 0.000000 0.000000 0.000000 0.000000
0.180957 1.498625 2.006877 2.384286 2.610980 2.865668 3.104000 3.382462 3.669106 3.972267 0.000000 0.000000 0.000000 0.000000 0.000000 0.000000 0.000000 0.000000 0.000000 0.000000 0.000000 0.000000 0.000000 0.000000 0.000000 0.000000 0.000000 0.000000
0.194034 1.464150 1.981910 2.374726 2.597736 2.863771 3.099152 3.363198 3.662409 4.021769 0.000000 0.000000 0.000000 0.000000 0.000000 0.000000 0.000000 0.000000 0.000000 0.000000 0.000000 0.000000 0.000000 0.000000 0.000000 0.000000 0.000000 0.000000
0.208057 1.429156 1.961864 2.365738 2.595386 2.846711 3.125381 3.362064 3.629891 3.968823 0.000000 0.000000 0.000000 0.000000 0.000000 0.000000 0.000000 0.000000 0.000000 0.000000 0.000000 0.000000 0.000000 0.000000 0.000000 0.000000 0.000000 0.000000
0.223092 1.395896 1.933330 2.361638 2.603966 2.832660 3.107844 3.361535 3.623918 3.929378 0.000000 0.000000 0.000000 0.000000 0.000000 0.000000 0.000000 0.000000 0.000000 0.000000 0.000000 0.000000 0.000000 0.000000 0.000000 0.000000 0.000000 0.000000
0.239215 1.364868 1.896958 2.343675 2.599694 2.825968 3.094903 3.369192 3.643556 3.942558 0.000000 0.000000 0.000000 0.000000 0.000000 0.000000 0.000000 0.000000 0.000000 0.000000 0.000000 0.000000 0.000000 0.000000 0.000000 0.000000 0.000000 0.000000
0.256502 1.335629 1.851659 2.332272 2.595082 2.800824 3.066336 3.353946 3.633956 3.932518 0.000000 0.000000 0.000000 0.000000 0.000000 0.000000 0.000000 0.000000 0.000000 0.000000 0.000000 0.000000 0.000000 0.000000 0.000000 0.000000 0.000000 0.000000
0.275039 1.306673 1.810095 2.299583 2.590190 2.802965 3.048607 3.323367 3.602658 3.916961 0.000000 0.000000 0.000000 0.000000 0.000000 0.000000 0.000000 0.000000 0.000000 0.000000 0.000000 0.000000 0.000000 0.000000 0.000000 0.000000 0.000000 0.000000
0.294915 1.280287 1.769967 2.265234 2.584338 2.779694 3.020517 3.297082 3.585433 3.871636 0.000000 0.000000 0.000000 0.000000 0.000000 0.000000 0.000000 0.000000 0.000000 0.000000 0.000000 0.000000 0.000000 0.000000 0.000000 0.000000 0.000000 0.000000
0.316228 1.258205 1.732678 2.220633 2.580603 2.788600 3.011950 3.268356 3.545032 3.816581 0.000000 0.000000 0.000000 0.000000 0.000000 0.000000 0.000000 0.000000 0.000000 0.000000 0.000000 0.000000 0.000000 0.000000 0.000000 0.000000 0.000000 0.000000
0.339081 1.240801 1.705521 2.180232 2.571285 2.813571 3.050921 3.304911 3.558590 3.791536 0.000000 0.000000 0.000000 0.000000 0.000000 0.000000 0.000000 0.000000 0.000000 0.000000 0.000000 0.000000 0.000000 0.000000 0.000000 0.000000 0.000000 0.000000
0.363585 1.226554 1.675774 2.154004 2.560905 2.833635 3.086776 3.355101 3.622641 3.829931 0.000000 0.000000 0.000000 0.000000 0.000000 0.000000 0.000000 0.000000 0.000000 0.000000 0.000000 0.000000 0.000000 0.000000 0.000000 0.000000 0.000000 0.000000
0.389860 1.209911 1.649323 2.098120 2.515942 2.801729 3.075662 3.383192 3.688951 3.916102 0.000000 0.000000 0.000000 0.000000 0.000000 0.000000 0.000000 0.000000 0.000000 0.000000 0.000000 0.000000 0.000000 0.000000 0.000000 0.000000 0.000000 0.000000
0.418034 1.189988 1.636363 2.040878 2.474204 2.773421 3.053012 3.357259 3.693667 3.964471 0.000000 0.000000 0.000000 0.000000 0.000000 0.000000 0.000000 0.000000 0.000000 0.000000 0.000000 0.000000 0.000000 0.000000 0.000000 0.000000 0.000000 0.000000
0.448245 1.165479 1.638153 2.003249 2.431861 2.734953 3.019083 3.325612 3.657103 3.948441 0.000000 0.000000 0.000000 0.000000 0.000000 0.000000 0.000000 0.000000 0.000000 0.000000 0.000000 0.000000 0.000000 0.000000 0.000000 0.000000 0.000000 0.000000
0.480638 1.116725 1.630035 1.974758 2.378350 2.677707 2.959977 3.270566 3.598509 3.911292 0.000000 0.000000 0.000000 0.000000 0.000000 0.000000 0.000000 0.000000 0.000000 0.000000 0.000000 0.000000 0.000000 0.000000 0.000000 0.000000 0.000000 0.000000
0.515372 1.028578 1.585566 1.955653 2.318302 2.599847 2.876130 3.174586 3.501532 3.830300 0.000000 0.000000 0.000000 0.000000 0.000000 0.000000 0.000000 0.000000 0.000000 0.000000 0.000000 0.000000 0.000000 0.000000 0.000000 0.000000 0.000000 0.000000
0.552617 0.895514 1.500878 1.928602 2.264143 2.536475 2.786663 3.056265 3.372141 3.700511 0.000000 0.000000 0.000000 0.000000 0.000000 0.000000 0.000000 0.000000 0.000000 0.000000 0.000000 0.000000 0.000000 0.000000 0.000000 0.000000 0.000000 0.000000
0.592553 0.691872 1.325883 1.867202 2.218032 2.500558 2.729429 2.964635 3.248431 3.569116 0.000000 0.000000 0.000000 0.000000 0.000000 0.000000 0.000000 0.000000 0.000000 0.000000 0.000000 0.000000 0.000000 0.000000 0.000000 0.000000 0.000000 0.000000
0.635375 0.377362 1.078075 1.745598 2.169673 2.478685 2.726617 2.932064 3.180315 3.456080 0.000000 0.000000 0.000000 0.000000 0.000000 0.000000 0.000000 0.000000 0.000000 0.000000 0.000000 0.000000 0.000000 0.000000 0.000000 0.000000 0.000000 0.000000
0.681292 0.207578 0.746302 1.445263 1.999948 2.377580 2.692618 2.934686 3.155842 3.399734 0.000000 0.000000 0.000000 0.000000 0.000000 0.000000 0.000000 0.000000 0.000000 0.000000 0.000000 0.000000 0.000000 0.000000 0.000000 0.000000 0.000000 0.000000
0.730527 0.108430 0.479232 1.064173 1.654082 2.081951 2.493874 2.821974 3.069666 3.295247 0.000000 0.000000 0.000000 0.000000 0.000000 0.000000 0.000000 0.000000 0.000000 0.000000 0.000000 0.000000 0.000000 0.000000 0.000000 0.000000 0.000000 0.000000
0.783320 0.041559 0.242946 0.696927 1.253968 1.763949 2.198077 2.573401 2.880684 3.128384 0.000000 0.000000 0.000000 0.000000 0.000000 0.000000 0.000000 0.000000 0.000000 0.000000 0.000000 0.000000 0.000000 0.000000 0.000000 0.000000 0.000000 0.000000
0.839929 0.014356 0.090857 0.359946 0.839637 1.387138 1.871154 2.272357 2.622686 2.902281 0.000000 0.000000 0.000000 0.000000 0.000000 0.000000 0.000000 0.000000 0.000000 0.000000 0.000000 0.000000 0.000000 0.000000 0.000000 0.000000 0.000000 0.000000
0.900628 0.004210 0.032672 0.120151 0.448516 0.967050 1.482566 1.892351 2.282364 2.616976 0.000000 0.000000 0.000000 0.000000 0.000000 0.000000 0.000000 0.000000 0.000000 0.000000 0.000000 0.000000 0.000000 0.000000 0.000000 0.000000 0.000000 0.000000
0.965714 0.000267 0.005611 0.032016 0.164567 0.498590 0.978940 1.438943 1.875817 2.236454 0.000000 0.000000 0.000000 0.000000 0.000000 0.000000 0.000000 0.000000 0.000000 0.000000 0.000000 0.000000 0.000000 0.000000 0.000000 0.000000 0.000000 0.000000
